2011-10-04 08:42:49	0	0	0	0	0	0	0	0	0	0	0	0	0	0	0	0	0	0	0	0	0	0	0	0	0	0	0	0	0	0	0	0	0	0	0	0	0	0	0	0	0	0	0	0	0	0	0	0	0
2011-10-05 13:08:41	0	0	0	0	0	0	0	0	3	0	0	0	0	0	0	0	0	0	0	0	0	0	0	0	0	0	0	0	0	0	0	0	0	0	0	0	0	0	0	0	0	0	0	0	0	0	0	0	0
2011-10-05 22:06:12	0	0	0	0	0	0	0	0	3	0	0	0	0	0	0	0	0	0	0	0	0	0	0	0	0	0	0	0	0	0	0	0	0	0	0	0	0	0	0	0	0	0	0	0	0	0	0	0	2
2011-10-10 11:04:22	0	0	0	0	0	0	0	0	7	0	0	0	0	0	0	0	0	0	0	0	0	0	0	0	0	0	0	0	0	0	0	0	0	0	0	0	0	0	0	0	0	0	0	0	0	0	0	0	2
2011-10-12 19:39:25	0	0	0	0	0	0	0	0	7	0	0	0	0	0	0	0	0	0	0	0	0	0	0	0	0	0	0	4	0	0	0	0	0	0	0	0	0	0	0	0	0	0	0	0	0	0	0	0	2
2011-10-12 19:54:14	0	0	0	0	0	0	0	4	7	0	0	0	0	0	0	0	0	0	0	0	0	0	0	0	0	0	0	4	0	0	0	0	0	0	0	0	0	0	0	0	0	0	0	0	0	0	0	0	2
2011-10-12 20:19:11	0	0	0	0	0	0	0	9	7	0	0	0	0	0	0	0	0	0	0	0	0	0	0	0	0	0	0	4	0	0	0	0	0	0	0	0	0	0	0	0	0	0	0	0	0	0	0	0	2
2011-10-12 22:42:05	0	0	0	0	0	0	0	13	7	0	0	0	0	0	0	0	0	0	0	0	0	0	0	0	0	0	0	4	0	0	0	0	0	0	0	0	0	0	0	0	0	0	0	0	0	0	0	0	2
2011-10-12 22:57:59	0	0	0	0	0	0	0	13	7	0	0	0	0	0	0	0	0	0	0	0	0	0	0	0	0	0	0	4	0	0	0	0	0	0	0	0	0	0	0	0	0	0	4	0	0	0	0	0	2
2011-10-14 17:38:31	0	0	0	0	0	0	0	13	7	0	0	0	0	0	0	0	0	0	0	0	0	0	0	0	0	0	0	4	0	0	0	0	0	0	0	0	0	0	0	0	0	0	8	0	0	0	0	0	2
2011-10-14 18:20:23	0	0	0	0	0	0	0	13	7	0	3	0	0	0	0	0	0	0	0	0	0	0	0	0	0	0	0	4	0	0	0	0	0	0	0	0	0	0	0	0	0	0	8	0	0	0	0	0	2
2011-10-14 19:01:44	0	0	0	0	0	0	0	13	12	0	3	0	0	0	0	0	0	0	0	0	0	0	0	0	0	0	0	4	0	0	0	0	0	0	0	0	0	0	0	0	0	0	8	0	0	0	0	0	2
2011-10-15 02:01:35	0	0	0	0	0	0	0	13	16	0	3	0	0	0	0	0	0	0	0	0	0	0	0	0	0	0	0	4	0	0	0	0	0	0	0	0	0	0	0	0	0	0	8	0	0	0	0	0	2
2011-10-15 12:46:47	0	0	0	0	0	0	0	13	16	0	3	0	0	0	0	0	0	0	0	0	0	0	0	0	0	0	0	4	0	0	0	0	0	0	0	0	0	0	0	0	0	0	8	4	0	0	0	0	2
2011-10-15 16:52:56	0	0	0	0	0	0	0	13	16	0	3	0	0	0	0	0	0	0	0	0	0	0	0	0	5	0	0	4	0	0	0	0	0	0	0	0	0	0	0	0	0	0	8	4	0	0	0	0	2
2011-10-15 16:56:05	0	0	0	0	0	0	0	13	16	0	7	0	0	0	0	0	0	0	0	0	0	0	0	0	5	0	0	4	0	0	0	0	0	0	0	0	0	0	0	0	0	0	8	4	0	0	0	0	2
2011-10-15 17:35:49	0	0	0	0	0	0	0	13	16	0	12	0	0	0	0	0	0	0	0	0	0	0	0	0	5	0	0	4	0	0	0	0	0	0	0	0	0	0	0	0	0	0	8	4	0	0	0	0	2
2011-10-15 17:40:00	0	0	0	0	0	0	0	13	16	0	17	0	0	0	0	0	0	0	0	0	0	0	0	0	5	0	0	4	0	0	0	0	0	0	0	0	0	0	0	0	0	0	8	4	0	0	0	0	2
2011-10-16 23:44:49	0	0	0	0	0	0	0	13	16	0	19	0	0	0	0	0	0	0	0	0	0	0	0	0	5	0	0	4	0	0	0	0	0	0	0	0	0	0	0	0	0	0	8	4	0	0	0	0	2
2011-10-16 23:57:27	0	0	0	0	0	0	0	13	16	0	19	0	0	0	0	0	0	0	0	0	0	0	0	0	5	0	0	4	0	0	0	0	0	0	0	0	0	0	0	0	0	0	8	4	0	0	4	0	2
2011-10-16 23:58:14	0	0	0	0	0	0	0	13	16	0	19	0	0	0	0	0	0	0	0	0	0	0	0	0	5	0	0	4	0	0	0	0	4	0	0	0	0	0	0	0	0	0	8	4	0	0	4	0	2
2011-10-16 23:59:06	0	0	0	0	0	0	0	13	16	0	19	0	0	0	0	0	0	0	0	0	0	0	0	0	5	0	0	4	0	0	0	0	8	0	0	0	0	0	0	0	0	0	8	4	0	0	4	0	2
2011-10-17 00:01:17	0	0	0	0	0	0	0	13	16	0	19	0	0	0	0	0	0	0	0	0	0	0	0	0	5	0	0	4	0	0	0	0	13	0	0	0	0	0	0	0	0	0	8	4	0	0	4	0	2
2011-10-17 00:05:57	0	0	0	0	0	0	0	13	16	0	19	0	0	0	0	0	0	0	0	0	0	0	0	0	5	0	0	4	0	0	0	5	13	0	0	0	0	0	0	0	0	0	8	4	0	0	4	0	2
2011-10-17 00:12:46	0	0	0	0	0	0	0	13	16	0	19	0	0	0	0	0	0	0	0	0	0	0	0	0	5	0	0	4	0	0	0	8	13	0	0	0	0	0	0	0	0	0	8	4	0	0	4	0	2
2011-10-17 00:18:25	0	0	0	0	0	0	0	13	16	0	19	0	0	0	0	0	0	0	0	0	0	0	0	0	5	0	0	4	0	0	0	11	13	0	0	0	0	0	0	0	0	0	8	4	0	0	4	0	2
2011-10-17 00:22:55	0	0	0	0	0	0	0	13	16	0	19	3	0	0	0	0	0	0	0	0	0	0	0	0	5	0	0	4	0	0	0	11	13	0	0	0	0	0	0	0	0	0	8	4	0	0	4	0	2
2011-10-17 00:32:50	0	0	0	0	0	0	0	13	16	0	19	8	0	0	0	0	0	0	0	0	0	0	0	0	5	0	0	4	0	0	0	11	13	0	0	0	0	0	0	0	0	0	8	4	0	0	4	0	2
2011-10-17 00:43:41	0	0	0	0	0	0	0	13	16	0	19	10	0	0	0	0	0	0	0	0	0	0	0	0	5	0	0	4	0	0	0	11	13	0	0	0	0	0	0	0	0	0	8	4	0	0	4	0	2
2011-10-17 12:49:02	0	0	0	0	0	0	0	13	20	0	19	10	0	0	0	0	0	0	0	0	0	0	0	0	5	0	0	4	0	0	0	11	13	0	0	0	0	0	0	0	0	0	8	4	0	0	4	0	2
2011-10-17 12:55:40	0	0	0	0	0	0	0	13	20	0	19	10	0	0	0	0	0	0	0	0	0	0	4	0	5	0	0	4	0	0	0	11	13	0	0	0	0	0	0	0	0	0	8	4	0	0	4	0	2
2011-10-17 12:55:55	0	0	0	0	0	0	0	13	20	0	19	10	0	0	0	0	0	0	0	0	0	0	4	0	5	4	0	4	0	0	0	11	13	0	0	0	0	0	0	0	0	0	8	4	0	0	4	0	2
2011-10-17 12:57:06	0	0	0	0	0	0	0	13	20	0	19	10	0	0	0	0	0	0	0	0	0	0	4	0	8	4	0	4	0	0	0	11	13	0	0	0	0	0	0	0	0	0	8	4	0	0	4	0	2
2011-10-17 13:34:59	0	0	0	0	0	0	0	13	20	0	19	10	0	0	0	0	0	0	0	0	0	0	4	0	13	4	0	4	0	0	0	11	13	0	0	0	0	0	0	0	0	0	8	4	0	0	4	0	2
2011-10-17 13:52:55	0	0	0	0	0	0	0	13	20	0	19	10	0	0	0	0	0	0	0	0	0	0	4	0	13	9	0	4	0	0	0	11	13	0	0	0	0	0	0	0	0	0	8	4	0	0	4	0	2
2011-10-17 14:02:34	0	0	0	0	0	0	0	13	20	0	19	10	0	0	0	0	0	4	0	0	0	0	4	0	13	9	0	4	0	0	0	11	13	0	0	0	0	0	0	0	0	0	8	4	0	0	4	0	2
2011-10-18 00:06:42	0	0	0	0	0	0	0	13	20	0	19	10	0	0	0	0	4	4	0	0	0	0	4	0	13	9	0	4	0	0	0	11	13	0	0	0	0	0	0	0	0	0	8	4	0	0	4	0	2
2011-10-18 00:18:15	0	0	0	0	0	0	0	13	20	3	19	10	0	0	0	0	4	4	0	0	0	0	4	0	13	9	0	4	0	0	0	11	13	0	0	0	0	0	0	0	0	0	8	4	0	0	4	0	2
2011-10-18 00:23:58	0	0	0	0	0	0	0	13	25	3	19	10	0	0	0	0	4	4	0	0	0	0	4	0	13	9	0	4	0	0	0	11	13	0	0	0	0	0	0	0	0	0	8	4	0	0	4	0	2
2011-10-18 14:22:04	0	0	0	0	0	0	0	13	25	3	19	10	0	0	0	0	4	4	0	0	0	0	4	0	13	9	0	4	0	0	0	11	13	0	0	0	0	0	0	0	0	0	8	9	0	0	4	0	2
2011-10-18 14:30:07	0	0	0	0	0	0	0	13	25	3	19	10	0	0	4	0	4	4	0	0	0	0	4	0	13	9	0	4	0	0	0	11	13	0	0	0	0	0	0	0	0	0	8	9	0	0	4	0	2
2011-10-18 14:32:35	0	0	0	0	0	0	0	13	25	3	19	10	0	0	4	0	8	4	0	0	0	0	4	0	13	9	0	4	0	0	0	11	13	0	0	0	0	0	0	0	0	0	8	9	0	0	4	0	2
2011-10-18 14:32:38	0	0	0	0	0	0	0	13	25	3	19	10	0	0	4	0	8	4	0	0	0	0	4	0	13	9	0	4	0	0	0	11	13	0	0	0	0	0	0	0	0	0	8	9	4	0	4	0	2
2011-10-18 14:37:48	0	0	0	0	0	0	0	13	25	3	19	10	0	0	4	0	12	4	0	0	0	0	4	0	13	9	0	4	0	0	0	11	13	0	0	0	0	0	0	0	0	0	8	9	4	0	4	0	2
2011-10-18 14:45:02	0	0	0	0	0	0	0	13	25	3	19	10	0	0	4	0	12	4	0	0	0	0	4	0	13	9	0	4	0	0	0	11	13	0	0	0	0	0	0	0	0	0	8	9	7	0	4	0	2
2011-10-18 14:48:35	0	0	0	0	0	0	0	13	25	3	19	10	0	0	4	5	12	4	0	0	0	0	4	0	13	9	0	4	0	0	0	11	13	0	0	0	0	0	0	0	0	0	8	9	7	0	4	0	2
2011-10-18 14:50:54	0	0	0	0	0	0	0	13	25	3	19	10	0	0	4	10	12	4	0	0	0	0	4	0	13	9	0	4	0	0	0	11	13	0	0	0	0	0	0	0	0	0	8	9	7	0	4	0	2
2011-10-18 14:54:21	0	0	0	0	0	0	0	13	25	3	19	10	0	0	4	10	12	4	5	0	0	0	4	0	13	9	0	4	0	0	0	11	13	0	0	0	0	0	0	0	0	0	8	9	7	0	4	0	2
2011-10-18 14:55:34	0	0	0	0	0	0	0	13	25	3	19	10	0	0	4	10	12	4	5	0	0	0	4	0	13	9	0	4	0	0	0	11	13	0	0	0	0	0	0	0	0	0	8	9	7	3	4	0	2
2011-10-18 15:28:37	0	0	0	0	0	0	0	13	25	3	19	10	0	0	4	10	12	4	5	0	0	0	4	0	13	9	0	4	0	0	0	11	13	0	0	0	0	0	0	0	0	0	8	9	7	5	4	0	2
2011-10-18 22:10:34	0	0	0	0	0	0	0	13	25	3	19	10	0	0	4	10	12	4	5	0	0	0	4	0	13	9	0	4	0	0	0	11	13	0	0	0	0	0	0	0	0	0	8	9	7	5	4	0	6
2011-10-18 22:26:11	0	0	0	0	0	0	0	13	25	3	19	10	0	0	4	10	12	4	5	0	0	0	4	0	13	9	0	4	0	0	0	11	13	0	0	0	0	0	0	0	4	0	8	9	7	5	4	0	6
2011-10-18 23:06:08	0	0	0	0	0	0	0	13	25	3	19	10	0	0	4	10	12	4	5	0	0	0	4	0	13	9	0	4	0	0	0	11	13	0	0	0	0	0	0	0	9	0	8	9	7	5	4	0	6
2011-10-18 23:22:11	0	0	0	0	0	0	0	13	25	3	19	10	0	0	4	10	12	4	5	0	0	0	4	0	13	9	0	4	0	0	0	11	13	0	0	0	0	0	0	0	9	0	8	9	7	5	4	5	6
2011-10-18 23:27:39	0	0	0	0	0	0	0	13	25	3	19	10	0	0	4	10	12	4	5	0	0	0	4	0	13	9	0	4	0	0	0	11	13	0	0	0	0	0	0	0	9	0	8	9	7	5	4	9	6
2011-10-19 17:26:07	0	0	0	0	0	0	0	13	25	3	19	10	0	0	4	10	12	4	5	5	0	0	4	0	13	9	0	4	0	0	0	11	13	0	0	0	0	0	0	0	9	0	8	9	7	5	4	9	6
2011-10-19 17:27:17	0	0	0	0	0	0	0	13	25	3	19	10	0	0	4	10	16	4	5	5	0	0	4	0	13	9	0	4	0	0	0	11	13	0	0	0	0	0	0	0	9	0	8	9	7	5	4	9	6
2011-10-19 17:34:05	0	0	0	0	0	0	0	13	25	3	19	10	0	0	4	10	16	4	5	5	4	0	4	0	13	9	0	4	0	0	0	11	13	0	0	0	0	0	0	0	9	0	8	9	7	5	4	9	6
2011-10-19 20:26:27	0	0	0	0	0	0	0	13	25	3	19	10	0	0	4	10	16	4	5	10	4	0	4	0	13	9	0	4	0	0	0	11	13	0	0	0	0	0	0	0	9	0	8	9	7	5	4	9	6
2011-10-19 22:00:36	0	0	0	0	0	0	0	13	25	7	19	10	0	0	4	10	16	4	5	10	4	0	4	0	13	9	0	4	0	0	0	11	13	0	0	0	0	0	0	0	9	0	8	9	7	5	4	9	6
2011-10-19 22:05:22	0	0	0	0	0	0	0	13	25	7	19	10	0	0	4	10	16	4	5	10	4	0	4	0	13	9	0	4	0	0	0	11	13	0	0	0	0	4	0	0	9	0	8	9	7	5	4	9	6
2011-10-19 22:16:08	0	0	0	0	0	0	0	13	25	7	19	10	0	0	4	10	16	4	5	10	4	0	4	0	13	9	0	4	0	0	0	11	13	0	0	0	0	4	4	0	9	0	8	9	7	5	4	9	6
2011-10-19 22:37:45	0	0	0	0	0	0	0	13	25	7	19	10	0	0	4	10	16	4	5	10	4	0	4	0	13	9	0	4	0	0	0	11	13	0	0	0	0	4	7	0	9	0	8	9	7	5	4	9	6
2011-10-19 22:51:22	0	0	0	0	0	0	0	13	25	7	19	10	0	0	4	10	16	4	5	10	4	0	4	0	13	9	0	4	0	0	0	11	13	0	0	0	0	4	7	0	13	0	8	9	7	5	4	9	6
2011-10-19 23:06:28	0	0	0	0	0	0	0	13	25	7	19	10	0	0	4	10	16	4	5	14	4	0	4	0	13	9	0	4	0	0	0	11	13	0	0	0	0	4	7	0	13	0	8	9	7	5	4	9	6
2011-10-19 23:18:54	0	0	0	0	0	0	0	13	25	7	19	10	5	0	4	10	16	4	5	14	4	0	4	0	13	9	0	4	0	0	0	11	13	0	0	0	0	4	7	0	13	0	8	9	7	5	4	9	6
2011-10-19 23:38:47	0	0	0	0	0	0	0	13	25	7	19	10	10	0	4	10	16	4	5	14	4	0	4	0	13	9	0	4	0	0	0	11	13	0	0	0	0	4	7	0	13	0	8	9	7	5	4	9	6
2011-10-19 23:49:11	0	0	0	0	0	0	0	13	25	7	19	10	15	0	4	10	16	4	5	14	4	0	4	0	13	9	0	4	0	0	0	11	13	0	0	0	0	4	7	0	13	0	8	9	7	5	4	9	6
2011-10-19 23:56:48	0	0	0	0	0	0	0	13	28	7	19	10	15	0	4	10	16	4	5	14	4	0	4	0	13	9	0	4	0	0	0	11	13	0	0	0	0	4	7	0	13	0	8	9	7	5	4	9	6
2011-10-19 23:59:22	0	0	0	0	0	0	0	13	28	7	19	10	15	5	4	10	16	4	5	14	4	0	4	0	13	9	0	4	0	0	0	11	13	0	0	0	0	4	7	0	13	0	8	9	7	5	4	9	6
2011-10-20 00:02:26	0	0	0	0	0	0	0	13	28	7	23	10	15	5	4	10	16	4	5	14	4	0	4	0	13	9	0	4	0	0	0	11	13	0	0	0	0	4	7	0	13	0	8	9	7	5	4	9	6
2011-10-20 00:06:46	0	0	0	0	0	0	0	13	28	7	28	10	15	5	4	10	16	4	5	14	4	0	4	0	13	9	0	4	0	0	0	11	13	0	0	0	0	4	7	0	13	0	8	9	7	5	4	9	6
2011-10-20 00:12:23	0	0	0	0	0	0	0	13	28	7	32	10	15	5	4	10	16	4	5	14	4	0	4	0	13	9	0	4	0	0	0	11	13	0	0	0	0	4	7	0	13	0	8	9	7	5	4	9	6
2011-10-20 00:17:16	0	0	0	0	0	0	0	13	28	12	32	10	15	5	4	10	16	4	5	14	4	0	4	0	13	9	0	4	0	0	0	11	13	0	0	0	0	4	7	0	13	0	8	9	7	5	4	9	6
2011-10-20 02:19:14	0	0	0	0	0	0	0	13	28	16	32	10	15	5	4	10	16	4	5	14	4	0	4	0	13	9	0	4	0	0	0	11	13	0	0	0	0	4	7	0	13	0	8	9	7	5	4	9	6
2011-10-20 02:24:11	0	0	0	0	0	0	0	13	28	16	32	10	15	5	4	10	16	4	5	14	4	0	4	0	13	9	0	4	0	4	0	11	13	0	0	0	0	4	7	0	13	0	8	9	7	5	4	9	6
2011-10-20 02:31:53	0	0	0	0	0	0	0	13	28	16	32	10	15	5	4	10	16	4	5	14	4	0	4	0	13	9	0	4	0	4	0	11	17	0	0	0	0	4	7	0	13	0	8	9	7	5	4	9	6
2011-10-20 03:09:49	0	0	0	0	0	0	0	13	28	16	32	10	15	5	4	10	16	4	5	14	4	0	4	0	13	9	0	4	0	4	0	11	20	0	0	0	0	4	7	0	13	0	8	9	7	5	4	9	6
2011-10-20 12:56:31	0	0	0	0	0	0	0	13	28	16	32	10	15	5	4	10	16	4	5	14	4	0	4	0	13	9	0	4	0	4	0	11	25	0	0	0	0	4	7	0	13	0	8	9	7	5	4	9	6
2011-10-20 13:00:22	0	0	0	0	0	0	0	13	28	16	32	10	15	5	4	10	16	4	5	14	4	0	4	0	13	12	0	4	0	4	0	11	25	0	0	0	0	4	7	0	13	0	8	9	7	5	4	9	6
2011-10-20 13:03:33	0	0	0	0	0	0	0	13	28	16	32	10	15	5	4	10	16	4	5	14	4	0	4	0	13	12	0	4	0	4	0	11	25	0	0	0	0	4	7	0	13	0	8	9	7	5	7	9	6
2011-10-20 13:04:59	0	0	0	0	0	0	0	13	28	16	32	10	15	5	4	10	16	4	5	14	4	0	4	0	18	12	0	4	0	4	0	11	25	0	0	0	0	4	7	0	13	0	8	9	7	5	7	9	6
2011-10-20 13:09:21	0	0	0	0	0	0	0	13	28	16	32	10	15	5	4	10	16	4	5	14	4	0	4	0	22	12	0	4	0	4	0	11	25	0	0	0	0	4	7	0	13	0	8	9	7	5	7	9	6
2011-10-20 13:13:51	0	0	0	0	0	0	0	13	28	16	32	10	15	5	4	10	16	4	5	14	4	0	4	0	22	12	0	4	0	4	0	11	30	0	0	0	0	4	7	0	13	0	8	9	7	5	7	9	6
2011-10-20 13:17:45	0	0	0	0	0	0	0	13	28	16	32	10	15	5	4	10	16	4	5	14	4	0	4	0	22	12	0	4	0	4	0	11	30	0	0	0	0	4	7	0	13	0	8	9	7	5	10	9	6
2011-10-20 13:20:18	0	0	0	0	0	0	0	13	28	16	32	10	15	5	4	10	16	4	5	14	4	0	4	0	22	12	0	4	0	4	0	11	34	0	0	0	0	4	7	0	13	0	8	9	7	5	10	9	6
2011-10-20 13:34:17	0	0	0	0	0	0	0	13	28	16	32	10	15	5	4	10	16	4	5	14	4	0	4	0	27	12	0	4	0	4	0	11	34	0	0	0	0	4	7	0	13	0	8	9	7	5	10	9	6
2011-10-20 13:36:04	0	0	0	0	0	0	0	13	28	16	32	10	15	5	4	10	16	4	5	14	4	0	4	0	27	12	0	4	0	4	0	11	34	5	0	0	0	4	7	0	13	0	8	9	7	5	10	9	6
2011-10-20 13:40:02	0	0	0	0	0	0	0	13	28	16	32	10	15	5	4	10	16	4	5	14	4	0	4	0	27	16	0	4	0	4	0	11	34	5	0	0	0	4	7	0	13	0	8	9	7	5	10	9	6
2011-10-20 14:51:38	0	0	0	0	0	0	0	13	28	16	32	10	15	5	4	10	16	4	5	14	4	0	9	0	27	16	0	4	0	4	0	11	34	5	0	0	0	4	7	0	13	0	8	9	7	5	10	9	6
2011-10-20 21:57:28	0	0	0	0	0	0	0	13	28	16	32	10	15	5	4	10	16	4	5	14	4	0	9	0	27	20	0	4	0	4	0	11	34	5	0	0	0	4	7	0	13	0	8	9	7	5	10	9	6
2011-10-20 22:02:09	0	0	0	0	0	0	0	13	28	16	32	10	15	5	4	10	16	4	5	14	4	0	9	0	27	20	0	4	0	4	0	11	34	5	0	0	0	4	7	4	13	0	8	9	7	5	10	9	6
2011-10-20 22:10:21	0	0	0	0	0	0	0	13	28	16	32	10	15	5	4	10	16	4	5	14	4	0	9	0	27	20	0	4	0	4	0	11	34	5	0	0	0	4	7	8	13	0	8	9	7	5	10	9	6
2011-10-20 22:37:11	0	0	0	0	0	0	0	13	28	16	32	10	15	5	4	10	16	4	5	14	4	0	9	0	27	20	0	4	0	4	0	11	34	5	0	0	0	9	7	8	13	0	8	9	7	5	10	9	6
2011-10-21 00:57:47	0	0	0	0	0	0	0	13	28	16	32	10	15	5	4	10	16	4	5	14	4	0	9	0	27	20	0	4	0	4	0	11	34	5	0	0	0	9	7	8	17	0	8	9	7	5	10	9	6
2011-10-21 01:01:59	0	0	0	0	0	0	0	13	28	16	32	13	15	5	4	10	16	4	5	14	4	0	9	0	27	20	0	4	0	4	0	11	34	5	0	0	0	9	7	8	17	0	8	9	7	5	10	9	6
2011-10-21 01:06:57	0	0	0	0	0	0	0	13	28	16	32	16	15	5	4	10	16	4	5	14	4	0	9	0	27	20	0	4	0	4	0	11	34	5	0	0	0	9	7	8	17	0	8	9	7	5	10	9	6
2011-10-21 01:12:17	0	0	0	0	0	0	0	13	28	16	32	20	15	5	4	10	16	4	5	14	4	0	9	0	27	20	0	4	0	4	0	11	34	5	0	0	0	9	7	8	17	0	8	9	7	5	10	9	6
2011-10-21 01:15:19	0	0	0	0	0	0	0	13	28	16	32	24	15	5	4	10	16	4	5	14	4	0	9	0	27	20	0	4	0	4	0	11	34	5	0	0	0	9	7	8	17	0	8	9	7	5	10	9	6
2011-10-21 01:21:19	0	0	0	0	0	0	0	13	28	16	32	29	15	5	4	10	16	4	5	14	4	0	9	0	27	20	0	4	0	4	0	11	34	5	0	0	0	9	7	8	17	0	8	9	7	5	10	9	6
2011-10-21 01:23:41	0	0	0	0	0	0	0	13	28	16	32	29	20	5	4	10	16	4	5	14	4	0	9	0	27	20	0	4	0	4	0	11	34	5	0	0	0	9	7	8	17	0	8	9	7	5	10	9	6
2011-10-21 01:33:15	0	0	0	0	0	0	0	13	33	16	32	29	20	5	4	10	16	4	5	14	4	0	9	0	27	20	0	4	0	4	0	11	34	5	0	0	0	9	7	8	17	0	8	9	7	5	10	9	6
2011-10-21 13:33:45	0	0	0	0	0	0	0	13	37	16	32	29	20	5	4	10	16	4	5	14	4	0	9	0	27	20	0	4	0	4	0	11	34	5	0	0	0	9	7	8	17	0	8	9	7	5	10	9	6
2011-10-21 13:58:38	0	0	0	0	0	0	0	13	37	16	32	29	20	5	4	10	16	4	5	14	4	0	9	0	27	20	0	4	0	4	0	11	39	5	0	0	0	9	7	8	17	0	8	9	7	5	10	9	6
2011-10-21 14:05:07	0	0	0	0	0	0	0	13	37	16	32	29	20	5	4	10	16	4	5	14	4	0	9	0	27	20	0	4	0	4	0	11	43	5	0	0	0	9	7	8	17	0	8	9	7	5	10	9	6
2011-10-21 14:12:31	0	0	0	0	0	0	0	13	37	16	32	29	20	5	4	10	16	4	5	14	4	0	9	0	27	20	0	4	0	4	0	11	43	9	0	0	0	9	7	8	17	0	8	9	7	5	10	9	6
2011-10-21 14:38:01	0	0	0	0	0	0	0	13	37	16	32	29	20	5	4	10	16	4	5	14	4	0	9	0	27	20	0	4	0	4	0	11	43	13	0	0	0	9	7	8	17	0	8	9	7	5	10	9	6
2011-10-21 14:45:48	0	0	0	0	0	0	0	13	37	16	32	29	20	5	4	10	16	4	8	14	4	0	9	0	27	20	0	4	0	4	0	11	43	13	0	0	0	9	7	8	17	0	8	9	7	5	10	9	6
2011-10-21 15:37:19	0	0	0	0	0	0	0	13	37	16	32	29	20	5	4	10	16	4	8	14	4	0	9	0	27	20	5	4	0	4	0	11	43	13	0	0	0	9	7	8	17	0	8	9	7	5	10	9	6
2011-10-21 15:41:22	0	0	0	0	0	0	0	13	37	16	32	33	20	5	4	10	16	4	8	14	4	0	9	0	27	20	5	4	0	4	0	11	43	13	0	0	0	9	7	8	17	0	8	9	7	5	10	9	6
2011-10-21 15:49:26	0	0	0	0	0	0	0	13	37	16	32	36	20	5	4	10	16	4	8	14	4	0	9	0	27	20	5	4	0	4	0	11	43	13	0	0	0	9	7	8	17	0	8	9	7	5	10	9	6
2011-10-21 15:55:59	0	0	0	0	0	0	0	13	42	16	32	36	20	5	4	10	16	4	8	14	4	0	9	0	27	20	5	4	0	4	0	11	43	13	0	0	0	9	7	8	17	0	8	9	7	5	10	9	6
2011-10-21 15:59:01	0	0	0	0	0	0	0	13	42	16	32	36	20	5	4	10	16	4	8	14	4	0	9	0	27	20	5	4	0	4	0	11	43	13	0	0	0	9	7	8	17	0	8	9	7	5	13	9	6
2011-10-21 16:06:19	0	0	0	0	0	0	0	13	42	16	32	36	20	5	4	15	16	4	8	14	4	0	9	0	27	20	5	4	0	4	0	11	43	13	0	0	0	9	7	8	17	0	8	9	7	5	13	9	6
2011-10-21 16:18:00	0	0	0	0	0	0	0	13	42	16	32	36	20	5	4	15	16	4	8	14	4	0	9	0	27	20	5	4	0	4	0	11	43	13	0	0	0	9	7	8	17	0	8	9	7	5	13	9	9
2011-10-22 01:05:15	0	0	0	0	0	0	0	13	42	16	32	36	20	10	4	15	16	4	8	14	4	0	9	0	27	20	5	4	0	4	0	11	43	13	0	0	0	9	7	8	17	0	8	9	7	5	13	9	9
2011-10-22 01:12:19	0	0	0	0	0	0	0	17	42	16	32	36	20	10	4	15	16	4	8	14	4	0	9	0	27	20	5	4	0	4	0	11	43	13	0	0	0	9	7	8	17	0	8	9	7	5	13	9	9
2011-10-22 01:20:43	0	0	0	0	0	0	0	17	46	16	32	36	20	10	4	15	16	4	8	14	4	0	9	0	27	20	5	4	0	4	0	11	43	13	0	0	0	9	7	8	17	0	8	9	7	5	13	9	9
2011-10-22 10:03:28	0	0	0	0	0	0	0	17	51	16	32	36	20	10	4	15	16	4	8	14	4	0	9	0	27	20	5	4	0	4	0	11	43	13	0	0	0	9	7	8	17	0	8	9	7	5	13	9	9
2011-10-22 10:06:50	0	0	0	0	0	0	0	17	51	16	32	36	20	10	4	19	16	4	8	14	4	0	9	0	27	20	5	4	0	4	0	11	43	13	0	0	0	9	7	8	17	0	8	9	7	5	13	9	9
2011-10-22 10:10:03	0	0	0	0	0	0	0	17	51	16	32	36	20	10	4	22	16	4	8	14	4	0	9	0	27	20	5	4	0	4	0	11	43	13	0	0	0	9	7	8	17	0	8	9	7	5	13	9	9
2011-10-22 10:13:37	0	0	0	0	0	0	0	17	51	16	32	36	20	10	6	22	16	4	8	14	4	0	9	0	27	20	5	4	0	4	0	11	43	13	0	0	0	9	7	8	17	0	8	9	7	5	13	9	9
2011-10-22 10:15:00	0	0	0	0	0	0	0	17	51	16	32	36	20	10	6	22	16	4	8	14	8	0	9	0	27	20	5	4	0	4	0	11	43	13	0	0	0	9	7	8	17	0	8	9	7	5	13	9	9
2011-10-22 10:23:21	0	0	0	0	0	0	0	17	51	16	32	36	20	10	6	22	16	4	11	14	8	0	9	0	27	20	5	4	0	4	0	11	43	13	0	0	0	9	7	8	17	0	8	9	7	5	13	9	9
2011-10-22 10:24:20	0	0	0	0	0	0	0	17	51	16	32	36	20	10	6	22	16	4	15	14	8	0	9	0	27	20	5	4	0	4	0	11	43	13	0	0	0	9	7	8	17	0	8	9	7	5	13	9	9
2011-10-22 10:31:23	0	0	0	0	0	0	0	17	51	16	32	36	20	10	6	22	16	4	19	14	8	0	9	0	27	20	5	4	0	4	0	11	43	13	0	0	0	9	7	8	17	0	8	9	7	5	13	9	9
2011-10-22 10:31:51	0	0	0	0	0	0	0	17	51	16	32	36	20	10	6	22	16	4	22	14	8	0	9	0	27	20	5	4	0	4	0	11	43	13	0	0	0	9	7	8	17	0	8	9	7	5	13	9	9
2011-10-22 10:35:34	0	0	0	0	0	0	0	17	51	16	32	36	20	10	6	25	16	4	22	14	8	0	9	0	27	20	5	4	0	4	0	11	43	13	0	0	0	9	7	8	17	0	8	9	7	5	13	9	9
2011-10-22 10:37:50	0	0	0	0	0	0	0	17	51	16	32	36	20	10	6	25	16	7	22	14	8	0	9	0	27	20	5	4	0	4	0	11	43	13	0	0	0	9	7	8	17	0	8	9	7	5	13	9	9
2011-10-22 10:38:36	0	0	0	0	0	0	0	17	51	16	32	36	20	10	6	25	16	7	22	14	8	0	9	0	27	20	5	4	0	4	0	11	43	13	0	0	0	9	7	8	17	0	8	14	7	5	13	9	9
2011-10-22 16:01:28	0	0	0	0	0	0	0	17	51	16	32	36	20	10	6	25	16	11	22	14	8	0	9	0	27	20	5	4	0	4	0	11	43	13	0	0	0	9	7	8	17	0	8	14	7	5	13	9	9
2011-10-22 16:10:25	0	0	0	0	0	0	0	17	51	16	32	36	20	10	6	25	16	11	22	14	8	2	9	0	27	20	5	4	0	4	0	11	43	13	0	0	0	9	7	8	17	0	8	14	7	5	13	9	9
2011-10-22 16:25:18	0	0	0	0	0	0	0	17	51	16	32	36	20	10	6	25	16	11	22	14	8	2	9	0	27	20	5	8	0	4	0	11	43	13	0	0	0	9	7	8	17	0	8	14	7	5	13	9	9
2011-10-22 16:32:48	0	0	0	0	0	0	0	17	51	16	32	36	20	10	6	25	16	11	22	14	8	2	14	0	27	20	5	8	0	4	0	11	43	13	0	0	0	9	7	8	17	0	8	14	7	5	13	9	9
2011-10-22 16:45:33	0	0	0	0	0	0	0	17	51	16	32	36	20	10	6	25	16	11	22	14	8	2	14	0	31	20	5	8	0	4	0	11	43	13	0	0	0	9	7	8	17	0	8	14	7	5	13	9	9
2011-10-22 17:23:11	0	0	0	0	0	0	0	17	51	16	32	36	20	10	6	25	16	11	22	14	8	2	14	0	35	20	5	8	0	4	0	11	43	13	0	0	0	9	7	8	17	0	8	14	7	5	13	9	9
2011-10-22 17:34:46	0	0	0	0	0	0	0	17	51	16	32	36	20	10	6	25	16	11	22	14	8	2	14	0	40	20	5	8	0	4	0	11	43	13	0	0	0	9	7	8	17	0	8	14	7	5	13	9	9
2011-10-22 17:37:21	0	0	0	0	0	0	0	17	51	16	36	36	20	10	6	25	16	11	22	14	8	2	14	0	40	20	5	8	0	4	0	11	43	13	0	0	0	9	7	8	17	0	8	14	7	5	13	9	9
2011-10-22 17:51:54	0	0	0	0	0	0	0	17	51	16	36	36	20	10	6	25	16	11	22	14	8	2	18	0	40	20	5	8	0	4	0	11	43	13	0	0	0	9	7	8	17	0	8	14	7	5	13	9	9
2011-10-22 20:15:11	0	0	0	0	0	0	0	17	51	16	36	36	20	10	6	25	16	11	22	14	8	2	22	0	40	20	5	8	0	4	0	11	43	13	0	0	0	9	7	8	17	0	8	14	7	5	13	9	9
2011-10-23 12:53:05	0	0	0	0	0	0	0	17	51	16	36	36	20	10	6	25	16	11	22	14	8	2	22	0	40	20	5	8	0	4	0	11	43	13	0	0	0	9	7	8	17	0	8	14	7	8	13	9	9
2011-10-23 12:56:38	0	0	0	0	0	0	0	17	51	16	36	36	20	10	6	25	16	11	22	14	8	5	22	0	40	20	5	8	0	4	0	11	43	13	0	0	0	9	7	8	17	0	8	14	7	8	13	9	9
2011-10-23 15:10:25	0	0	0	0	0	0	0	17	51	16	36	36	20	10	6	25	16	11	22	14	8	5	25	0	40	20	5	8	0	4	0	11	43	13	0	0	0	9	7	8	17	0	8	14	7	8	13	9	9
2011-10-23 16:16:08	0	0	0	0	0	0	0	17	51	16	36	36	20	10	6	25	16	11	22	14	8	5	25	0	45	20	5	8	0	4	0	11	43	13	0	0	0	9	7	8	17	0	8	14	7	8	13	9	9
2011-10-23 16:47:43	0	0	0	0	0	0	0	17	51	16	36	36	20	10	6	25	16	11	22	14	8	5	25	0	45	24	5	8	0	4	0	11	43	13	0	0	0	9	7	8	17	0	8	14	7	8	13	9	9
2011-10-23 17:25:32	0	0	0	0	0	0	0	17	51	16	36	36	20	10	6	25	16	11	22	14	8	5	25	0	45	24	10	8	0	4	0	11	43	13	0	0	0	9	7	8	17	0	8	14	7	8	13	9	9
2011-10-23 19:36:22	0	0	0	0	0	0	0	17	51	16	36	36	20	10	6	25	16	11	22	14	8	5	25	0	45	27	10	8	0	4	0	11	43	13	0	0	0	9	7	8	17	0	8	14	7	8	13	9	9
2011-10-23 19:42:30	0	0	0	0	0	0	0	17	51	16	36	36	20	10	6	25	20	11	22	14	8	5	25	0	45	27	10	8	0	4	0	11	43	13	0	0	0	9	7	8	17	0	8	14	7	8	13	9	9
2011-10-24 11:22:01	0	0	0	0	0	0	0	17	51	16	36	36	20	10	6	25	20	14	22	14	8	5	25	0	45	27	10	8	0	4	0	11	43	13	0	0	0	9	7	8	17	0	8	14	7	8	13	9	9
2011-10-24 12:07:39	0	0	0	0	0	0	0	17	51	16	36	36	20	10	6	25	24	14	22	14	8	5	25	0	45	27	10	8	0	4	0	11	43	13	0	0	0	9	7	8	17	0	8	14	7	8	13	9	9
2011-10-24 14:46:05	0	0	0	0	0	0	0	17	51	16	36	36	20	10	6	25	24	14	22	14	8	5	25	0	45	27	10	8	0	4	0	11	43	13	0	0	0	9	7	8	17	0	8	14	11	8	13	9	9
2011-10-24 15:07:19	0	0	0	0	0	0	0	17	51	16	36	36	20	10	6	25	24	14	22	14	8	5	25	0	45	27	10	8	0	4	0	11	48	13	0	0	0	9	7	8	17	0	8	14	11	8	13	9	9
2011-10-24 15:12:13	0	0	0	0	0	0	0	17	51	16	36	36	20	10	6	25	24	14	22	14	8	5	25	0	45	27	10	8	0	4	0	11	52	13	0	0	0	9	7	8	17	0	8	14	11	8	13	9	9
2011-10-24 15:19:53	0	0	0	0	0	0	0	17	51	16	36	36	20	10	6	25	24	14	22	14	8	5	25	0	45	27	10	8	0	4	0	16	52	13	0	0	0	9	7	8	17	0	8	14	11	8	13	9	9
2011-10-24 17:15:45	0	0	0	0	0	0	0	17	51	16	36	36	20	10	6	25	24	14	22	14	8	5	25	0	45	27	10	8	0	4	4	16	52	13	0	0	0	9	7	8	17	0	8	14	11	8	13	9	9
2011-10-24 21:59:53	0	0	0	0	0	0	0	17	51	16	36	36	20	10	6	25	24	14	22	14	8	5	25	0	45	27	10	8	0	4	4	16	52	13	0	0	0	9	7	8	17	0	8	14	11	8	17	9	9
2011-10-24 22:00:48	0	0	0	0	0	0	0	17	51	16	36	36	20	10	6	25	28	14	22	14	8	5	25	0	45	27	10	8	0	4	4	16	52	13	0	0	0	9	7	8	17	0	8	14	11	8	17	9	9
2011-10-24 22:12:05	0	0	0	0	0	0	0	17	51	16	36	36	20	10	6	25	28	14	25	14	8	5	25	0	45	27	10	8	0	4	4	16	52	13	0	0	0	9	7	8	17	0	8	14	11	8	17	9	9
2011-10-24 22:34:17	0	0	0	0	0	0	0	17	51	16	36	36	20	10	6	25	28	14	25	14	8	5	25	0	45	27	10	8	0	4	4	16	52	13	0	0	0	13	7	8	17	0	8	14	11	8	17	9	9
2011-10-24 22:40:03	0	0	0	0	0	0	0	17	51	16	36	36	20	10	6	25	28	14	25	14	8	5	25	0	45	27	10	8	0	4	4	16	52	13	0	0	3	13	7	8	17	0	8	14	11	8	17	9	9
2011-10-24 22:53:34	0	0	0	0	0	0	0	17	51	16	36	36	20	10	6	25	28	14	25	14	8	5	25	0	45	27	10	8	0	4	4	16	52	13	0	0	3	13	7	8	21	0	8	14	11	8	17	9	9
2011-10-24 23:05:20	0	0	0	0	0	0	0	17	51	16	36	36	20	10	6	25	28	14	25	14	8	5	25	0	45	27	10	8	0	4	4	16	52	13	0	0	3	17	7	8	21	0	8	14	11	8	17	9	9
2011-10-24 23:05:42	0	0	0	0	0	0	0	17	51	16	36	36	20	10	6	25	28	14	25	14	8	5	25	0	45	27	10	8	0	4	4	16	52	13	0	0	3	17	7	8	21	0	8	14	11	8	17	13	9
2011-10-24 23:23:51	0	0	0	0	0	0	0	17	51	16	36	36	20	10	6	25	28	14	25	18	8	5	25	0	45	27	10	8	0	4	4	16	52	13	0	0	3	17	7	8	21	0	8	14	11	8	17	13	9
2011-10-24 23:27:02	0	0	0	0	0	0	0	17	51	16	36	36	20	10	6	25	28	14	25	18	8	5	25	0	45	27	10	8	0	4	4	16	52	13	0	0	3	17	7	8	25	0	8	14	11	8	17	13	9
2011-10-25 00:07:37	0	0	0	0	0	0	0	17	51	16	36	36	20	10	6	25	28	14	25	18	8	5	25	0	45	27	10	8	0	4	4	16	52	13	0	0	8	17	7	8	25	0	8	14	11	8	17	13	9
2011-10-25 00:11:17	0	0	0	0	0	0	0	17	51	16	40	36	20	10	6	25	28	14	25	18	8	5	25	0	45	27	10	8	0	4	4	16	52	13	0	0	8	17	7	8	25	0	8	14	11	8	17	13	9
2011-10-25 00:15:41	0	0	0	0	0	0	0	17	51	20	40	36	20	10	6	25	28	14	25	18	8	5	25	0	45	27	10	8	0	4	4	16	52	13	0	0	8	17	7	8	25	0	8	14	11	8	17	13	9
2011-10-25 00:26:32	0	0	0	0	0	0	0	17	51	20	40	36	20	10	6	25	28	14	25	18	8	5	25	0	45	27	10	8	0	4	4	16	52	13	0	0	8	17	7	8	25	0	8	14	11	8	17	16	9
2011-10-25 00:46:39	0	0	0	0	0	0	0	17	51	20	40	40	20	10	6	25	28	14	25	18	8	5	25	0	45	27	10	8	0	4	4	16	52	13	0	0	8	17	7	8	25	0	8	14	11	8	17	16	9
2011-10-25 23:32:45	0	0	0	0	0	0	0	17	56	20	40	40	20	10	6	25	28	14	25	18	8	5	25	0	45	27	10	8	0	4	4	16	52	13	0	0	8	17	7	8	25	0	8	14	11	8	17	16	9
2011-10-26 00:02:52	0	0	0	0	0	0	0	17	56	20	40	40	20	10	6	25	28	14	25	18	8	5	25	0	45	27	10	8	0	4	4	16	52	13	0	0	8	17	7	8	25	0	8	14	11	8	21	16	9
2011-10-26 00:30:08	0	0	0	0	0	0	0	17	56	20	40	40	20	10	6	25	28	14	25	18	8	5	25	0	45	27	10	8	0	4	4	16	56	13	0	0	8	17	7	8	25	0	8	14	11	8	21	16	9
2011-10-26 00:35:56	0	0	0	0	0	0	0	17	56	20	40	40	20	10	6	25	28	14	25	18	8	5	25	0	45	27	10	8	0	4	4	16	60	13	0	0	8	17	7	8	25	0	8	14	11	8	21	16	9
2011-10-26 00:42:07	0	0	0	0	0	0	0	17	56	20	40	40	20	10	6	25	28	14	25	18	8	5	25	0	45	27	10	8	0	4	9	16	60	13	0	0	8	17	7	8	25	0	8	14	11	8	21	16	9
2011-10-26 11:07:25	0	0	0	0	0	0	0	17	56	20	40	40	20	10	6	25	28	14	25	18	8	5	25	0	45	27	10	8	0	8	9	16	60	13	0	0	8	17	7	8	25	0	8	14	11	8	21	16	9
2011-10-26 11:51:20	0	0	0	0	0	0	0	17	56	20	40	40	20	10	6	25	28	14	25	18	8	5	25	0	45	27	10	8	0	8	9	16	60	13	0	0	8	17	7	8	25	0	8	18	11	8	21	16	9
2011-10-26 12:27:41	0	0	0	0	0	0	0	17	56	20	40	40	20	10	6	25	28	14	25	18	8	5	25	0	45	27	10	8	0	8	9	16	64	13	0	0	8	17	7	8	25	0	8	18	11	8	21	16	9
2011-10-26 12:36:45	0	0	0	0	0	0	0	17	56	20	40	40	20	10	6	25	28	14	25	18	8	5	25	0	45	27	10	8	0	8	9	16	69	13	0	0	8	17	7	8	25	0	8	18	11	8	21	16	9
2011-10-26 12:44:06	0	0	0	0	0	0	0	17	56	20	40	40	20	10	6	25	28	14	25	18	8	5	25	0	45	27	10	8	0	13	9	16	69	13	0	0	8	17	7	8	25	0	8	18	11	8	21	16	9
2011-10-26 19:55:04	0	0	0	0	0	0	0	17	56	20	40	40	20	10	6	25	28	14	25	18	8	5	25	0	45	27	10	8	0	17	9	16	69	13	0	0	8	17	7	8	25	0	8	18	11	8	21	16	9
2011-10-26 20:07:20	0	0	0	0	0	0	0	17	56	20	40	44	20	10	6	25	28	14	25	18	8	5	25	0	45	27	10	8	0	17	9	16	69	13	0	0	8	17	7	8	25	0	8	18	11	8	21	16	9
2011-10-26 20:14:38	0	0	0	0	0	0	0	17	56	20	40	48	20	10	6	25	28	14	25	18	8	5	25	0	45	27	10	8	0	17	9	16	69	13	0	0	8	17	7	8	25	0	8	18	11	8	21	16	9
2011-10-26 20:18:29	0	0	0	0	0	0	0	17	56	20	40	53	20	10	6	25	28	14	25	18	8	5	25	0	45	27	10	8	0	17	9	16	69	13	0	0	8	17	7	8	25	0	8	18	11	8	21	16	9
2011-10-26 20:26:12	0	0	0	0	0	0	0	17	56	20	40	58	20	10	6	25	28	14	25	18	8	5	25	0	45	27	10	8	0	17	9	16	69	13	0	0	8	17	7	8	25	0	8	18	11	8	21	16	9
2011-10-26 20:29:37	0	0	0	0	0	0	0	17	56	20	40	58	20	10	6	25	28	14	25	18	8	5	25	0	45	27	10	8	0	17	9	16	69	13	0	0	8	17	7	11	25	0	8	18	11	8	21	16	9
2011-10-26 20:33:26	0	0	0	0	0	0	0	17	60	20	40	58	20	10	6	25	28	14	25	18	8	5	25	0	45	27	10	8	0	17	9	16	69	13	0	0	8	17	7	11	25	0	8	18	11	8	21	16	9
2011-10-26 21:19:11	0	0	0	0	0	0	0	17	60	20	40	58	20	10	6	25	28	14	25	18	8	5	25	0	45	27	10	8	0	17	9	16	69	13	0	0	8	17	7	15	25	0	8	18	11	8	21	16	9
2011-10-26 21:28:00	0	0	0	0	0	0	0	17	60	20	40	58	20	10	6	25	28	14	25	18	8	5	25	0	45	27	10	8	0	17	9	16	69	13	0	0	8	17	7	19	25	0	8	18	11	8	21	16	9
2011-10-26 21:34:21	0	0	0	0	0	0	0	17	60	20	40	58	20	10	6	25	28	14	25	18	8	5	25	0	45	27	10	8	0	17	9	16	69	13	0	0	8	17	7	19	29	0	8	18	11	8	21	16	9
2011-10-26 21:42:52	0	0	0	0	0	0	0	17	60	20	40	58	20	10	6	25	28	14	25	23	8	5	25	0	45	27	10	8	0	17	9	16	69	13	0	0	8	17	7	19	29	0	8	18	11	8	21	16	9
2011-10-27 11:39:01	0	0	0	0	0	0	0	17	60	20	40	58	20	10	6	25	28	14	25	23	8	5	25	0	45	27	10	8	0	17	9	16	69	13	0	0	8	17	7	23	29	0	8	18	11	8	21	16	9
2011-10-27 11:46:28	0	0	0	0	0	0	0	17	60	20	40	58	20	10	6	25	32	14	25	23	8	5	25	0	45	27	10	8	0	17	9	16	69	13	0	0	8	17	7	23	29	0	8	18	11	8	21	16	9
2011-10-27 12:11:38	0	0	0	0	0	0	0	17	60	20	40	58	20	10	6	29	32	14	25	23	8	5	25	0	45	27	10	8	0	17	9	16	69	13	0	0	8	17	7	23	29	0	8	18	11	8	21	16	9
2011-10-27 12:20:13	0	0	0	0	0	0	0	17	60	20	40	58	20	10	6	29	32	14	25	23	8	5	25	0	45	27	10	8	0	17	9	16	73	13	0	0	8	17	7	23	29	0	8	18	11	8	21	16	9
2011-10-27 12:29:37	0	0	0	0	0	0	0	17	60	20	40	58	20	10	6	29	37	14	25	23	8	5	25	0	45	27	10	8	0	17	9	16	73	13	0	0	8	17	7	23	29	0	8	18	11	8	21	16	9
2011-10-27 12:29:40	0	0	0	0	0	0	0	17	60	20	40	58	20	10	6	29	37	14	25	23	8	5	25	0	45	27	10	8	0	17	9	16	78	13	0	0	8	17	7	23	29	0	8	18	11	8	21	16	9
2011-10-27 12:40:16	0	0	0	0	0	0	0	17	60	20	40	58	20	10	6	29	37	14	25	23	8	5	25	0	45	27	10	8	0	17	9	16	78	13	0	0	8	17	7	23	29	0	8	18	15	8	21	16	9
2011-10-27 12:50:54	0	0	0	0	0	0	0	17	60	20	40	58	20	10	6	29	37	14	25	23	8	5	25	0	45	27	10	8	0	17	13	16	78	13	0	0	8	17	7	23	29	0	8	18	15	8	21	16	9
2011-10-27 18:52:27	0	0	0	0	0	0	0	17	60	20	40	58	20	10	6	29	37	14	25	23	8	5	25	0	45	27	10	8	0	22	13	16	78	13	0	0	8	17	7	23	29	0	8	18	15	8	21	16	9
2011-10-27 18:56:44	0	0	0	0	0	0	0	17	60	20	40	58	23	10	6	29	37	14	25	23	8	5	25	0	45	27	10	8	0	22	13	16	78	13	0	0	8	17	7	23	29	0	8	18	15	8	21	16	9
2011-10-27 19:00:07	0	0	0	0	0	0	0	17	60	25	40	58	23	10	6	29	37	14	25	23	8	5	25	0	45	27	10	8	0	22	13	16	78	13	0	0	8	17	7	23	29	0	8	18	15	8	21	16	9
2011-10-27 22:20:43	0	0	0	0	0	0	0	17	60	25	40	63	23	10	6	29	37	14	25	23	8	5	25	0	45	27	10	8	0	22	13	16	78	13	0	0	8	17	7	23	29	0	8	18	15	8	21	16	9
2011-10-27 22:24:12	0	0	0	0	0	0	0	17	60	25	40	63	23	10	6	29	37	14	25	23	8	5	25	0	45	27	10	8	0	22	13	16	78	13	0	0	8	17	7	28	29	0	8	18	15	8	21	16	9
2011-10-27 22:27:25	0	0	0	0	0	0	0	17	60	25	40	63	23	10	6	29	37	14	25	23	8	5	25	0	45	27	10	8	0	22	13	16	78	13	0	0	8	22	7	28	29	0	8	18	15	8	21	16	9
2011-10-27 23:04:16	0	0	0	0	0	0	0	17	60	25	40	63	23	10	6	29	37	14	25	23	8	5	25	0	45	27	10	8	0	22	13	16	78	13	0	0	8	22	7	33	29	0	8	18	15	8	21	16	9
2011-10-28 14:23:25	0	0	0	0	0	0	0	17	60	25	40	63	23	10	6	29	37	14	25	23	8	5	25	0	45	27	10	8	0	22	13	16	78	13	0	0	8	26	7	33	29	0	8	18	15	8	21	16	9
2011-10-28 14:28:49	0	0	0	0	0	0	0	17	60	25	40	63	23	10	6	29	37	14	25	23	8	5	25	4	45	27	10	8	0	22	13	16	78	13	0	0	8	26	7	33	29	0	8	18	15	8	21	16	9
2011-10-28 14:32:43	0	0	0	0	0	0	0	17	60	25	40	63	23	10	6	29	37	14	25	23	8	5	25	4	49	27	10	8	0	22	13	16	78	13	0	0	8	26	7	33	29	0	8	18	15	8	21	16	9
2011-10-28 15:12:30	0	0	0	0	0	0	0	17	60	25	40	63	23	10	6	29	37	14	25	23	8	5	25	4	49	31	10	8	0	22	13	16	78	13	0	0	8	26	7	33	29	0	8	18	15	8	21	16	9
2011-10-28 15:22:51	0	0	0	0	0	0	0	17	60	25	40	63	23	10	6	29	37	14	25	23	8	5	25	4	53	31	10	8	0	22	13	16	78	13	0	0	8	26	7	33	29	0	8	18	15	8	21	16	9
2011-10-28 15:38:00	0	0	0	0	0	0	0	17	60	25	40	63	23	10	6	29	37	14	25	23	8	5	25	4	53	31	14	8	0	22	13	16	78	13	0	0	8	26	7	33	29	0	8	18	15	8	21	16	9
2011-10-28 15:42:22	0	0	0	0	0	0	0	17	60	25	40	66	23	10	6	29	37	14	25	23	8	5	25	4	53	31	14	8	0	22	13	16	78	13	0	0	8	26	7	33	29	0	8	18	15	8	21	16	9
2011-10-28 15:42:26	0	0	0	0	0	0	0	17	60	25	40	66	23	10	6	29	37	14	25	23	8	5	30	4	53	31	14	8	0	22	13	16	78	13	0	0	8	26	7	33	29	0	8	18	15	8	21	16	9
2011-10-28 15:48:55	0	0	0	0	0	0	0	17	60	25	45	66	23	10	6	29	37	14	25	23	8	5	30	4	53	31	14	8	0	22	13	16	78	13	0	0	8	26	7	33	29	0	8	18	15	8	21	16	9
2011-10-28 16:08:15	0	0	0	0	0	0	0	17	60	25	49	66	23	10	6	29	37	14	25	23	8	5	30	4	53	31	14	8	0	22	13	16	78	13	0	0	8	26	7	33	29	0	8	18	15	8	21	16	9
2011-10-28 16:28:44	0	0	0	0	0	0	0	17	60	25	53	66	23	10	6	29	37	14	25	23	8	5	30	4	53	31	14	8	0	22	13	16	78	13	0	0	8	26	7	33	29	0	8	18	15	8	21	16	9
2011-10-28 16:45:12	0	0	0	0	0	0	0	17	63	25	53	66	23	10	6	29	37	14	25	23	8	5	30	4	53	31	14	8	0	22	13	16	78	13	0	0	8	26	7	33	29	0	8	18	15	8	21	16	9
2011-10-28 17:58:20	0	0	0	0	0	0	0	17	67	25	53	66	23	10	6	29	37	14	25	23	8	5	30	4	53	31	14	8	0	22	13	16	78	13	0	0	8	26	7	33	29	0	8	18	15	8	21	16	9
2011-10-28 17:58:38	0	0	0	0	0	0	0	17	67	25	53	66	23	10	6	29	37	14	25	23	8	5	30	4	53	31	14	8	0	22	13	16	78	13	0	0	8	26	7	33	29	0	8	21	15	8	21	16	9
2011-10-28 18:01:11	0	3	0	0	0	0	0	17	67	25	53	66	23	10	6	29	37	14	25	23	8	5	30	4	53	31	14	8	0	22	13	16	78	13	0	0	8	26	7	33	29	0	8	21	15	8	21	16	9
2011-10-28 18:01:35	0	3	0	0	0	0	0	17	67	25	53	66	23	10	6	29	37	14	25	23	8	5	30	4	53	31	14	8	0	22	13	16	78	13	0	0	8	26	7	33	29	0	8	21	15	11	21	16	9
2011-10-28 18:09:43	0	4	0	0	0	0	0	17	67	25	53	66	23	10	6	29	37	14	25	23	8	5	30	4	53	31	14	8	0	22	13	16	78	13	0	0	8	26	7	33	29	0	8	21	15	11	21	16	9
2011-10-28 18:15:44	0	4	0	5	0	0	0	17	67	25	53	66	23	10	6	29	37	14	25	23	8	5	30	4	53	31	14	8	0	22	13	16	78	13	0	0	8	26	7	33	29	0	8	21	15	11	21	16	9
2011-10-28 18:19:13	0	9	0	5	0	0	0	17	67	25	53	66	23	10	6	29	37	14	25	23	8	5	30	4	53	31	14	8	0	22	13	16	78	13	0	0	8	26	7	33	29	0	8	21	15	11	21	16	9
2011-10-28 18:31:16	0	9	0	9	0	0	0	17	67	25	53	66	23	10	6	29	37	14	25	23	8	5	30	4	53	31	14	8	0	22	13	16	78	13	0	0	8	26	7	33	29	0	8	21	15	11	21	16	9
2011-10-28 18:45:07	0	9	3	9	0	0	0	17	67	25	53	66	23	10	6	29	37	14	25	23	8	5	30	4	53	31	14	8	0	22	13	16	78	13	0	0	8	26	7	33	29	0	8	21	15	11	21	16	9
2011-10-28 18:54:06	3	9	3	9	0	0	0	17	67	25	53	66	23	10	6	29	37	14	25	23	8	5	30	4	53	31	14	8	0	22	13	16	78	13	0	0	8	26	7	33	29	0	8	21	15	11	21	16	9
2011-10-28 19:04:19	3	9	3	9	0	0	0	17	67	25	53	66	23	10	6	29	37	14	25	23	8	5	30	4	53	31	14	8	0	22	13	16	78	13	0	0	8	26	7	33	29	0	10	21	15	11	21	16	9
2011-10-28 19:10:44	8	9	3	9	0	0	0	17	67	25	53	66	23	10	6	29	37	14	25	23	8	5	30	4	53	31	14	8	0	22	13	16	78	13	0	0	8	26	7	33	29	0	10	21	15	11	21	16	9
2011-10-28 19:13:01	12	9	3	9	0	0	0	17	67	25	53	66	23	10	6	29	37	14	25	23	8	5	30	4	53	31	14	8	0	22	13	16	78	13	0	0	8	26	7	33	29	0	10	21	15	11	21	16	9
2011-10-28 19:16:36	12	9	3	9	0	5	0	17	67	25	53	66	23	10	6	29	37	14	25	23	8	5	30	4	53	31	14	8	0	22	13	16	78	13	0	0	8	26	7	33	29	0	10	21	15	11	21	16	9
2011-10-28 19:19:29	12	13	3	9	0	5	0	17	67	25	53	66	23	10	6	29	37	14	25	23	8	5	30	4	53	31	14	8	0	22	13	16	78	13	0	0	8	26	7	33	29	0	10	21	15	11	21	16	9
2011-10-28 19:22:47	12	13	3	9	0	7	0	17	67	25	53	66	23	10	6	29	37	14	25	23	8	5	30	4	53	31	14	8	0	22	13	16	78	13	0	0	8	26	7	33	29	0	10	21	15	11	21	16	9
2011-10-28 19:40:51	12	13	3	12	0	7	0	17	67	25	53	66	23	10	6	29	37	14	25	23	8	5	30	4	53	31	14	8	0	22	13	16	78	13	0	0	8	26	7	33	29	0	10	21	15	11	21	16	9
2011-10-28 19:45:20	12	13	3	12	5	7	0	17	67	25	53	66	23	10	6	29	37	14	25	23	8	5	30	4	53	31	14	8	0	22	13	16	78	13	0	0	8	26	7	33	29	0	10	21	15	11	21	16	9
2011-10-28 19:45:49	12	18	3	12	5	7	0	17	67	25	53	66	23	10	6	29	37	14	25	23	8	5	30	4	53	31	14	8	0	22	13	16	78	13	0	0	8	26	7	33	29	0	10	21	15	11	21	16	9
2011-10-28 19:49:46	12	18	3	12	10	7	0	17	67	25	53	66	23	10	6	29	37	14	25	23	8	5	30	4	53	31	14	8	0	22	13	16	78	13	0	0	8	26	7	33	29	0	10	21	15	11	21	16	9
2011-10-29 20:08:11	12	18	3	12	10	9	0	17	67	25	53	66	23	10	6	29	37	14	25	23	8	5	30	4	53	31	14	8	0	22	13	16	78	13	0	0	8	26	7	33	29	0	10	21	15	11	21	16	9
2011-10-29 20:12:26	12	18	3	12	10	13	0	17	67	25	53	66	23	10	6	29	37	14	25	23	8	5	30	4	53	31	14	8	0	22	13	16	78	13	0	0	8	26	7	33	29	0	10	21	15	11	21	16	9
2011-10-29 20:16:27	12	18	6	12	10	13	0	17	67	25	53	66	23	10	6	29	37	14	25	23	8	5	30	4	53	31	14	8	0	22	13	16	78	13	0	0	8	26	7	33	29	0	10	21	15	11	21	16	9
2011-10-29 20:22:29	12	18	6	12	15	13	0	17	67	25	53	66	23	10	6	29	37	14	25	23	8	5	30	4	53	31	14	8	0	22	13	16	78	13	0	0	8	26	7	33	29	0	10	21	15	11	21	16	9
2011-10-29 20:28:27	12	18	6	12	19	13	0	17	67	25	53	66	23	10	6	29	37	14	25	23	8	5	30	4	53	31	14	8	0	22	13	16	78	13	0	0	8	26	7	33	29	0	10	21	15	11	21	16	9
2011-10-31 10:50:43	12	18	10	12	19	13	0	17	67	25	53	66	23	10	6	29	37	14	25	23	8	5	30	4	53	31	14	8	0	22	13	16	78	13	0	0	8	26	7	33	29	0	10	21	15	11	21	16	9
2011-10-31 10:51:13	17	18	10	12	19	13	0	17	67	25	53	66	23	10	6	29	37	14	25	23	8	5	30	4	53	31	14	8	0	22	13	16	78	13	0	0	8	26	7	33	29	0	10	21	15	11	21	16	9
2011-10-31 11:05:39	17	18	10	14	19	13	0	17	67	25	53	66	23	10	6	29	37	14	25	23	8	5	30	4	53	31	14	8	0	22	13	16	78	13	0	0	8	26	7	33	29	0	10	21	15	11	21	16	9
2011-10-31 11:17:25	17	23	10	14	19	13	0	17	67	25	53	66	23	10	6	29	37	14	25	23	8	5	30	4	53	31	14	8	0	22	13	16	78	13	0	0	8	26	7	33	29	0	10	21	15	11	21	16	9
2011-10-31 11:20:46	17	25	10	14	19	13	0	17	67	25	53	66	23	10	6	29	37	14	25	23	8	5	30	4	53	31	14	8	0	22	13	16	78	13	0	0	8	26	7	33	29	0	10	21	15	11	21	16	9
2011-10-31 11:23:23	17	25	10	14	19	13	3	17	67	25	53	66	23	10	6	29	37	14	25	23	8	5	30	4	53	31	14	8	0	22	13	16	78	13	0	0	8	26	7	33	29	0	10	21	15	11	21	16	9
2011-10-31 11:27:53	17	28	10	14	19	13	3	17	67	25	53	66	23	10	6	29	37	14	25	23	8	5	30	4	53	31	14	8	0	22	13	16	78	13	0	0	8	26	7	33	29	0	10	21	15	11	21	16	9
2011-10-31 11:30:14	17	28	10	14	24	13	3	17	67	25	53	66	23	10	6	29	37	14	25	23	8	5	30	4	53	31	14	8	0	22	13	16	78	13	0	0	8	26	7	33	29	0	10	21	15	11	21	16	9
2011-10-31 11:33:01	17	28	10	14	28	13	3	17	67	25	53	66	23	10	6	29	37	14	25	23	8	5	30	4	53	31	14	8	0	22	13	16	78	13	0	0	8	26	7	33	29	0	10	21	15	11	21	16	9
2011-10-31 11:45:30	17	28	10	14	28	18	3	17	67	25	53	66	23	10	6	29	37	14	25	23	8	5	30	4	53	31	14	8	0	22	13	16	78	13	0	0	8	26	7	33	29	0	10	21	15	11	21	16	9
2011-10-31 11:59:14	17	28	10	14	33	18	3	17	67	25	53	66	23	10	6	29	37	14	25	23	8	5	30	4	53	31	14	8	0	22	13	16	78	13	0	0	8	26	7	33	29	0	10	21	15	11	21	16	9
2011-10-31 12:06:54	17	28	10	14	33	23	3	17	67	25	53	66	23	10	6	29	37	14	25	23	8	5	30	4	53	31	14	8	0	22	13	16	78	13	0	0	8	26	7	33	29	0	10	21	15	11	21	16	9
2011-10-31 12:09:10	17	28	10	14	33	23	6	17	67	25	53	66	23	10	6	29	37	14	25	23	8	5	30	4	53	31	14	8	0	22	13	16	78	13	0	0	8	26	7	33	29	0	10	21	15	11	21	16	9
2011-10-31 20:51:48	17	28	10	18	33	23	6	17	67	25	53	66	23	10	6	29	37	14	25	23	8	5	30	4	53	31	14	8	0	22	13	16	78	13	0	0	8	26	7	33	29	0	10	21	15	11	21	16	9
2011-10-31 21:11:57	17	28	10	18	33	23	6	17	67	25	53	66	23	10	9	29	37	14	25	23	8	5	30	4	53	31	14	8	0	22	13	16	78	13	0	0	8	26	7	33	29	0	10	21	15	11	21	16	9
2011-10-31 21:16:06	17	28	10	18	33	23	6	17	67	25	53	66	23	10	13	29	37	14	25	23	8	5	30	4	53	31	14	8	0	22	13	16	78	13	0	0	8	26	7	33	29	0	10	21	15	11	21	16	9
2011-10-31 21:17:58	17	28	10	18	33	23	6	17	67	25	53	66	23	10	16	29	37	14	25	23	8	5	30	4	53	31	14	8	0	22	13	16	78	13	0	0	8	26	7	33	29	0	10	21	15	11	21	16	9
2011-10-31 21:23:09	17	28	10	18	33	23	6	17	67	25	53	66	23	10	17	29	37	14	25	23	8	5	30	4	53	31	14	8	0	22	13	16	78	13	0	0	8	26	7	33	29	0	10	21	15	11	21	16	9
2011-10-31 21:45:10	17	28	10	18	33	23	6	17	67	25	53	66	23	10	17	29	41	14	25	23	8	5	30	4	53	31	14	8	0	22	13	16	78	13	0	0	8	26	7	33	29	0	10	21	15	11	21	16	9
2011-10-31 22:01:20	17	28	10	18	33	23	6	17	67	25	53	66	23	10	17	32	41	14	25	23	8	5	30	4	53	31	14	8	0	22	13	16	78	13	0	0	8	26	7	33	29	0	10	21	15	11	21	16	9
2011-10-31 23:01:53	17	28	10	18	33	23	6	17	67	25	53	66	23	10	17	32	46	14	25	23	8	5	30	4	53	31	14	8	0	22	13	16	78	13	0	0	8	26	7	33	29	0	10	21	15	11	21	16	9
2011-10-31 23:44:41	17	28	10	18	33	23	6	17	67	25	53	66	23	10	17	32	46	14	25	23	8	5	30	4	53	31	14	8	0	22	13	16	78	13	0	0	8	31	7	33	29	0	10	21	15	11	21	16	9
2011-10-31 23:51:16	17	28	10	18	33	23	6	17	67	25	53	66	23	10	17	32	46	14	25	28	8	5	30	4	53	31	14	8	0	22	13	16	78	13	0	0	8	31	7	33	29	0	10	21	15	11	21	16	9
2011-11-01 17:08:16	17	28	10	18	33	23	6	17	67	25	53	66	23	10	17	32	46	14	25	28	8	5	30	4	53	31	14	8	0	22	13	16	78	13	0	0	8	31	7	33	34	0	10	21	15	11	21	16	9
2011-11-01 17:38:40	17	28	10	18	33	23	6	17	67	25	53	66	23	10	17	32	46	14	25	28	8	5	34	4	53	31	14	8	0	22	13	16	78	13	0	0	8	31	7	33	34	0	10	21	15	11	21	16	9
2011-11-02 12:14:29	17	28	10	18	33	23	6	17	67	25	53	66	23	10	17	32	46	14	25	28	8	5	34	7	53	31	14	8	0	22	13	16	78	13	0	0	8	31	7	33	34	0	10	21	15	11	21	16	9
2011-11-02 15:32:25	17	28	10	18	33	23	6	17	67	25	53	66	23	10	17	32	46	14	25	28	8	5	34	7	53	31	14	8	0	22	13	16	78	13	0	0	8	31	7	33	34	0	10	21	15	11	21	21	9
2011-11-02 15:42:58	17	28	10	18	33	23	6	17	67	25	53	66	23	10	17	32	46	14	25	28	8	5	34	7	53	31	14	8	0	22	13	16	83	13	0	0	8	31	7	33	34	0	10	21	15	11	21	21	9
2011-11-02 15:48:17	17	28	10	18	33	23	6	17	67	25	53	66	23	10	17	32	46	14	25	28	8	5	34	7	53	31	14	8	0	22	13	16	87	13	0	0	8	31	7	33	34	0	10	21	15	11	21	21	9
2011-11-02 15:54:29	17	28	10	18	33	23	6	17	67	25	53	66	23	10	17	32	46	14	25	28	8	5	34	7	53	31	14	8	0	22	17	16	87	13	0	0	8	31	7	33	34	0	10	21	15	11	21	21	9
2011-11-02 15:54:34	17	28	10	18	33	23	6	17	67	25	53	66	23	10	17	32	46	14	25	28	8	5	34	7	53	35	14	8	0	22	17	16	87	13	0	0	8	31	7	33	34	0	10	21	15	11	21	21	9
2011-11-02 16:31:39	17	28	10	18	33	23	6	17	67	25	53	66	23	10	17	32	46	14	25	28	8	5	34	7	53	35	14	8	3	22	17	16	87	13	0	0	8	31	7	33	34	0	10	21	15	11	21	21	9
2011-11-02 16:53:10	17	28	10	18	33	23	6	17	67	25	53	66	23	10	17	32	46	14	25	28	8	5	34	7	53	35	14	8	3	22	17	16	87	13	0	0	8	31	7	33	34	0	10	21	15	11	21	21	12
2011-11-02 19:20:31	17	28	10	18	33	23	6	17	67	25	53	66	23	10	17	32	46	14	25	28	8	5	34	7	53	35	14	8	3	22	17	16	87	13	0	0	8	31	7	33	34	0	10	21	15	11	21	21	16
2011-11-02 19:23:57	17	28	10	18	33	23	6	20	67	25	53	66	23	10	17	32	46	14	25	28	8	5	34	7	53	35	14	8	3	22	17	16	87	13	0	0	8	31	7	33	34	0	10	21	15	11	21	21	16
2011-11-02 19:24:06	17	28	10	18	33	23	6	20	67	25	53	66	23	10	17	32	50	14	25	28	8	5	34	7	53	35	14	8	3	22	17	16	87	13	0	0	8	31	7	33	34	0	10	21	15	11	21	21	16
2011-11-02 19:26:44	17	28	10	18	33	23	6	23	67	25	53	66	23	10	17	32	50	14	25	28	8	5	34	7	53	35	14	8	3	22	17	16	87	13	0	0	8	31	7	33	34	0	10	21	15	11	21	21	16
2011-11-02 19:29:35	17	28	10	18	33	23	6	28	67	25	53	66	23	10	17	32	50	14	25	28	8	5	34	7	53	35	14	8	3	22	17	16	87	13	0	0	8	31	7	33	34	0	10	21	15	11	21	21	16
2011-11-02 19:33:10	17	28	10	18	33	23	6	28	67	25	53	66	23	10	17	32	54	14	25	28	8	5	34	7	53	35	14	8	3	22	17	16	87	13	0	0	8	31	7	33	34	0	10	21	15	11	21	21	16
2011-11-02 19:45:02	17	28	10	18	33	23	6	28	67	25	53	66	28	10	17	32	54	14	25	28	8	5	34	7	53	35	14	8	3	22	17	16	87	13	0	0	8	31	7	33	34	0	10	21	15	11	21	21	16
2011-11-02 20:07:58	17	28	10	18	33	23	6	28	67	29	53	66	28	10	17	32	54	14	25	28	8	5	34	7	53	35	14	8	3	22	17	16	87	13	0	0	8	31	7	33	34	0	10	21	15	11	21	21	16
2011-11-02 20:16:13	17	28	10	18	33	23	6	28	71	29	53	66	28	10	17	32	54	14	25	28	8	5	34	7	53	35	14	8	3	22	17	16	87	13	0	0	8	31	7	33	34	0	10	21	15	11	21	21	16
2011-11-02 20:28:43	17	28	10	18	33	23	6	28	71	29	53	66	28	10	17	32	54	14	25	28	8	5	34	7	53	35	14	8	3	22	17	16	87	13	0	0	8	31	7	33	34	0	10	24	15	11	21	21	16
2011-11-02 20:42:02	17	28	10	18	33	23	6	28	76	29	53	66	28	10	17	32	54	14	25	28	8	5	34	7	53	35	14	8	3	22	17	16	87	13	0	0	8	31	7	33	34	0	10	24	15	11	21	21	16
2011-11-02 21:28:46	17	28	10	18	33	23	6	28	76	29	53	66	28	10	17	32	54	14	25	28	8	5	34	7	53	35	14	8	3	22	17	16	87	13	0	0	12	31	7	33	34	0	10	24	15	11	21	21	16
2011-11-02 21:49:16	17	28	10	18	33	23	6	28	76	29	53	66	28	10	17	32	54	14	25	28	8	5	34	7	53	35	14	8	3	22	17	16	87	13	0	0	12	35	7	33	34	0	10	24	15	11	21	21	16
2011-11-02 22:01:53	17	28	10	18	33	23	6	28	76	29	53	66	28	10	17	32	54	14	25	28	8	5	34	7	53	35	14	8	3	22	17	16	87	13	0	0	12	39	7	33	34	0	10	24	15	11	21	21	16
2011-11-02 22:05:49	17	28	10	18	33	23	6	28	76	29	53	66	28	10	17	32	54	14	25	28	8	5	34	7	53	35	14	8	3	22	17	16	87	13	0	0	12	39	7	33	34	4	10	24	15	11	21	21	16
2011-11-02 22:54:40	17	28	10	18	33	23	6	28	76	29	53	66	28	10	17	32	54	14	25	28	8	5	34	7	53	35	14	8	3	22	17	16	87	13	0	0	12	39	7	37	34	4	10	24	15	11	21	21	16
2011-11-03 09:19:09	17	28	10	18	33	23	6	28	76	29	53	66	28	10	17	32	54	14	25	28	8	5	34	7	53	35	14	8	3	22	17	16	87	13	0	0	12	39	7	37	38	4	10	24	15	11	21	21	16
2011-11-03 09:26:47	17	28	10	18	33	23	6	28	76	29	53	66	28	10	17	32	54	14	25	28	8	5	34	11	53	35	14	8	3	22	17	16	87	13	0	0	12	39	7	37	38	4	10	24	15	11	21	21	16
2011-11-03 09:30:06	17	28	10	18	33	23	6	28	76	29	53	66	28	10	17	32	54	14	25	28	8	5	34	11	57	35	14	8	3	22	17	16	87	13	0	0	12	39	7	37	38	4	10	24	15	11	21	21	16
2011-11-03 09:39:03	17	28	10	18	33	23	6	28	76	29	53	66	28	10	17	32	54	14	25	28	8	7	34	11	57	35	14	8	3	22	17	16	87	13	0	0	12	39	7	37	38	4	10	24	15	11	21	21	16
2011-11-03 11:04:45	17	28	10	18	33	23	6	28	76	29	53	66	28	10	17	32	54	14	25	28	8	7	34	11	57	35	18	8	3	22	17	16	87	13	0	0	12	39	7	37	38	4	10	24	15	11	21	21	16
2011-11-03 11:13:43	17	28	10	18	33	23	6	28	76	29	53	66	28	10	17	32	58	14	25	28	8	7	34	11	57	35	18	8	3	22	17	16	87	13	0	0	12	39	7	37	38	4	10	24	15	11	21	21	16
2011-11-03 12:09:49	17	28	10	18	33	23	6	28	76	29	53	66	28	10	17	32	58	18	25	28	8	7	34	11	57	35	18	8	3	22	17	16	87	13	0	0	12	39	7	37	38	4	10	24	15	11	21	21	16
2011-11-03 13:04:16	17	28	10	18	33	23	6	28	76	29	53	66	28	10	17	32	58	18	25	32	8	7	34	11	57	35	18	8	3	22	17	16	87	13	0	0	12	39	7	37	38	4	10	24	15	11	21	21	16
2011-11-03 23:07:56	17	28	10	18	33	23	6	28	76	29	53	66	28	10	17	32	62	18	25	32	8	7	34	11	57	35	18	8	3	22	17	16	87	13	0	0	12	39	7	37	38	4	10	24	15	11	21	21	16
2011-11-04 09:28:11	17	28	10	18	33	23	6	28	76	29	53	66	28	10	17	32	62	18	25	32	8	7	34	11	57	35	18	8	3	22	17	16	87	13	0	0	12	43	7	37	38	4	10	24	15	11	21	21	16
2011-11-04 09:38:12	17	28	10	18	33	23	6	28	76	29	53	66	28	10	17	32	62	18	25	32	8	7	34	11	57	35	18	8	3	22	17	16	87	13	0	0	12	47	7	37	38	4	10	24	15	11	21	21	16
2011-11-04 09:56:40	17	28	10	18	33	23	6	28	76	29	53	66	28	10	17	32	62	18	25	32	8	7	34	11	57	35	18	8	3	22	17	16	87	13	0	0	12	47	11	37	38	4	10	24	15	11	21	21	16
2011-11-04 10:36:37	17	28	10	18	33	23	6	28	76	29	53	66	28	10	17	32	62	18	25	32	8	7	34	11	57	35	18	8	3	22	17	16	87	13	0	3	12	47	11	37	38	4	10	24	15	11	21	21	16
2011-11-04 11:13:25	17	28	10	18	33	23	6	28	76	29	53	66	28	10	17	32	62	18	25	32	8	7	34	11	57	35	18	8	3	22	17	16	87	13	0	3	12	47	11	37	42	4	10	24	15	11	21	21	16
2011-11-04 12:26:10	17	28	10	18	33	23	6	28	76	29	53	66	28	10	17	32	62	18	25	32	8	7	34	11	57	35	18	8	3	22	17	16	87	13	0	3	12	47	11	37	46	4	10	24	15	11	21	21	16
2011-11-04 13:12:45	17	28	10	18	33	23	6	28	76	29	53	66	28	10	17	32	62	18	25	32	8	7	34	11	57	35	18	8	3	22	17	16	87	13	0	3	12	47	11	37	46	4	10	24	15	11	21	21	21
2011-11-04 13:21:27	17	28	10	18	33	23	6	28	76	29	53	66	28	10	17	32	62	18	25	32	8	7	34	11	57	35	18	8	3	22	17	16	87	13	0	3	12	47	11	37	46	4	10	24	15	11	21	26	21
2011-11-04 14:25:08	17	28	10	18	33	23	6	28	76	29	53	66	28	10	17	32	62	18	25	32	8	7	34	11	57	35	18	8	3	22	17	16	87	13	0	3	12	47	11	37	46	4	10	24	15	11	25	26	21
2011-11-04 15:32:22	17	28	10	18	33	23	6	28	76	29	53	66	28	10	17	32	62	18	25	32	8	7	34	11	57	35	18	8	3	22	17	16	87	13	4	3	12	47	11	37	46	4	10	24	15	11	25	26	21
2011-11-04 15:38:17	17	28	10	18	33	23	6	28	76	29	53	66	32	10	17	32	62	18	25	32	8	7	34	11	57	35	18	8	3	22	17	16	87	13	4	3	12	47	11	37	46	4	10	24	15	11	25	26	21
2011-11-04 15:56:46	17	28	10	18	33	23	6	28	76	33	53	66	32	10	17	32	62	18	25	32	8	7	34	11	57	35	18	8	3	22	17	16	87	13	4	3	12	47	11	37	46	4	10	24	15	11	25	26	21
2011-11-04 16:17:27	17	28	10	18	33	23	6	28	76	33	53	66	32	13	17	32	62	18	25	32	8	7	34	11	57	35	18	8	3	22	17	16	87	13	4	3	12	47	11	37	46	4	10	24	15	11	25	26	21
2011-11-04 17:48:55	17	28	10	18	33	23	6	28	81	33	53	66	32	13	17	32	62	18	25	32	8	7	34	11	57	35	18	8	3	22	17	16	87	13	4	3	12	47	11	37	46	4	10	24	15	11	25	26	21
2011-11-04 17:54:44	17	28	10	18	33	23	6	28	81	33	53	70	32	13	17	32	62	18	25	32	8	7	34	11	57	35	18	8	3	22	17	16	87	13	4	3	12	47	11	37	46	4	10	24	15	11	25	26	21
2011-11-04 17:57:02	17	28	10	18	33	23	6	28	81	33	53	70	36	13	17	32	62	18	25	32	8	7	34	11	57	35	18	8	3	22	17	16	87	13	4	3	12	47	11	37	46	4	10	24	15	11	25	26	21
2011-11-04 18:17:28	17	28	10	18	33	23	8	28	81	33	53	70	36	13	17	32	62	18	25	32	8	7	34	11	57	35	18	8	3	22	17	16	87	13	4	3	12	47	11	37	46	4	10	24	15	11	25	26	21
2011-11-04 18:21:19	17	28	10	18	33	23	8	28	81	33	53	74	36	13	17	32	62	18	25	32	8	7	34	11	57	35	18	8	3	22	17	16	87	13	4	3	12	47	11	37	46	4	10	24	15	11	25	26	21
2011-11-04 18:36:55	17	28	10	18	33	23	8	28	81	38	53	74	36	13	17	32	62	18	25	32	8	7	34	11	57	35	18	8	3	22	17	16	87	13	4	3	12	47	11	37	46	4	10	24	15	11	25	26	21
2011-11-04 18:40:13	17	28	10	18	33	23	8	28	81	38	53	74	40	13	17	32	62	18	25	32	8	7	34	11	57	35	18	8	3	22	17	16	87	13	4	3	12	47	11	37	46	4	10	24	15	11	25	26	21
2011-11-04 18:44:15	17	28	10	18	33	23	8	28	81	38	53	74	43	13	17	32	62	18	25	32	8	7	34	11	57	35	18	8	3	22	17	16	87	13	4	3	12	47	11	37	46	4	10	24	15	11	25	26	21
2011-11-04 18:53:23	17	28	10	18	33	23	8	31	81	38	53	74	43	13	17	32	62	18	25	32	8	7	34	11	57	35	18	8	3	22	17	16	87	13	4	3	12	47	11	37	46	4	10	24	15	11	25	26	21
2011-11-04 18:59:01	17	28	10	18	33	23	8	31	81	38	53	78	43	13	17	32	62	18	25	32	8	7	34	11	57	35	18	8	3	22	17	16	87	13	4	3	12	47	11	37	46	4	10	24	15	11	25	26	21
2011-11-04 19:04:28	17	28	10	18	33	23	8	31	81	41	53	78	43	13	17	32	62	18	25	32	8	7	34	11	57	35	18	8	3	22	17	16	87	13	4	3	12	47	11	37	46	4	10	24	15	11	25	26	21
2011-11-04 19:09:02	17	28	10	18	33	23	8	31	81	45	53	78	43	13	17	32	62	18	25	32	8	7	34	11	57	35	18	8	3	22	17	16	87	13	4	3	12	47	11	37	46	4	10	24	15	11	25	26	21
2011-11-04 19:21:47	17	28	10	18	33	23	8	31	81	49	53	78	43	13	17	32	62	18	25	32	8	7	34	11	57	35	18	8	3	22	17	16	87	13	4	3	12	47	11	37	46	4	10	24	15	11	25	26	21
2011-11-04 19:22:02	17	28	10	18	33	23	8	35	81	49	53	78	43	13	17	32	62	18	25	32	8	7	34	11	57	35	18	8	3	22	17	16	87	13	4	3	12	47	11	37	46	4	10	24	15	11	25	26	21
2011-11-04 19:23:08	17	28	10	18	33	23	8	39	81	49	53	78	43	13	17	32	62	18	25	32	8	7	34	11	57	35	18	8	3	22	17	16	87	13	4	3	12	47	11	37	46	4	10	24	15	11	25	26	21
2011-11-04 19:43:37	17	28	10	18	33	23	8	39	81	49	53	78	43	13	17	32	62	18	25	32	8	7	34	11	57	35	18	8	3	22	17	16	87	13	4	3	12	47	11	37	46	4	13	24	15	11	25	26	21
2011-11-04 20:02:41	17	28	10	18	33	23	8	39	81	49	53	78	43	13	19	32	62	18	25	32	8	7	34	11	57	35	18	8	3	22	17	16	87	13	4	3	12	47	11	37	46	4	13	24	15	11	25	26	21
2011-11-04 20:18:55	17	28	10	18	33	23	8	39	81	49	53	78	43	13	19	32	62	18	25	32	8	7	34	11	57	35	18	8	3	22	17	16	87	13	4	3	12	47	11	37	46	4	15	24	15	11	25	26	21
2011-11-04 22:14:23	17	28	10	18	33	23	8	39	81	49	53	78	43	13	19	32	62	18	25	32	8	7	34	11	57	35	18	8	3	22	17	16	87	13	4	3	12	47	11	37	46	4	15	27	15	11	25	26	21
2011-11-04 22:20:26	17	28	10	18	33	23	8	39	81	49	53	78	43	13	19	32	62	18	25	32	8	7	34	11	57	35	18	8	3	22	17	16	87	13	4	5	12	47	11	37	46	4	15	27	15	11	25	26	21
2011-11-04 22:41:11	17	28	10	18	33	23	8	39	81	49	53	78	43	13	19	32	62	18	25	32	8	7	34	11	57	35	18	8	3	22	17	16	87	13	4	5	12	47	11	37	50	4	15	27	15	11	25	26	21
2011-11-05 00:31:08	17	28	10	18	33	23	8	39	81	49	53	78	43	13	19	32	62	18	25	32	8	7	34	11	57	35	18	8	3	22	17	16	87	13	4	5	12	47	11	37	55	4	15	27	15	11	25	26	21
2011-11-06 15:48:26	17	28	10	18	33	23	8	39	81	49	53	78	43	13	19	32	62	18	25	32	8	7	34	11	57	35	18	8	3	22	17	16	87	17	4	5	12	47	11	37	55	4	15	27	15	11	25	26	21
2011-11-06 15:53:22	17	28	10	18	33	23	8	39	81	49	53	78	43	13	19	32	62	18	25	32	8	7	34	11	57	35	18	8	3	22	17	16	87	17	4	5	12	47	11	37	59	4	15	27	15	11	25	26	21
2011-11-06 15:56:58	17	28	10	18	33	23	8	39	81	49	53	78	43	13	19	32	62	18	25	36	8	7	34	11	57	35	18	8	3	22	17	16	87	17	4	5	12	47	11	37	59	4	15	27	15	11	25	26	21
2011-11-06 15:59:19	17	28	10	18	33	23	8	39	81	49	53	78	43	13	19	32	62	18	25	40	8	7	34	11	57	35	18	8	3	22	17	16	87	17	4	5	12	47	11	37	59	4	15	27	15	11	25	26	21
2011-11-06 16:27:48	17	28	10	18	33	23	8	39	81	49	53	78	43	13	21	32	62	18	25	40	8	7	34	11	57	35	18	8	3	22	17	16	87	17	4	5	12	47	11	37	59	4	15	27	15	11	25	26	21
2011-11-06 16:55:04	17	28	10	18	33	23	8	39	81	49	53	78	43	13	21	32	62	18	25	40	8	7	34	11	57	35	18	8	3	22	17	16	87	17	4	5	12	47	11	37	63	4	15	27	15	11	25	26	21
2011-11-06 17:35:49	17	28	10	18	33	23	8	39	81	49	53	78	43	13	21	32	62	18	25	40	8	11	34	11	57	35	18	8	3	22	17	16	87	17	4	5	12	47	11	37	63	4	15	27	15	11	25	26	21
2011-11-06 18:55:24	17	28	10	18	33	23	8	39	81	49	53	78	43	13	21	32	62	18	25	40	8	11	34	11	57	35	18	8	3	22	17	16	87	17	4	5	12	47	11	37	63	4	15	27	15	11	25	30	21
2011-11-06 18:58:34	17	28	10	18	33	23	8	39	81	49	53	78	43	13	21	32	62	18	25	40	8	11	34	11	61	35	18	8	3	22	17	16	87	17	4	5	12	47	11	37	63	4	15	27	15	11	25	30	21
2011-11-06 19:46:56	17	28	10	18	33	23	8	39	81	49	53	78	43	13	21	32	62	18	25	40	8	11	34	11	61	35	18	8	3	22	17	16	87	17	4	5	12	47	11	37	63	4	15	27	15	14	25	30	21
2011-11-06 20:12:51	17	28	10	18	33	23	8	39	81	49	53	78	43	13	21	32	66	18	25	40	8	11	34	11	61	35	18	8	3	22	17	16	87	17	4	5	12	47	11	37	63	4	15	27	15	14	25	30	21
2011-11-06 20:23:31	17	28	10	18	33	23	8	39	81	52	53	78	43	13	21	32	66	18	25	40	8	11	34	11	61	35	18	8	3	22	17	16	87	17	4	5	12	47	11	37	63	4	15	27	15	14	25	30	21
2011-11-06 20:27:21	17	28	10	18	33	23	8	39	85	52	53	78	43	13	21	32	66	18	25	40	8	11	34	11	61	35	18	8	3	22	17	16	87	17	4	5	12	47	11	37	63	4	15	27	15	14	25	30	21
2011-11-06 20:37:32	17	28	10	18	33	23	8	39	85	52	53	78	48	13	21	32	66	18	25	40	8	11	34	11	61	35	18	8	3	22	17	16	87	17	4	5	12	47	11	37	63	4	15	27	15	14	25	30	21
2011-11-06 20:44:33	17	28	10	18	33	23	8	39	85	52	53	78	48	17	21	32	66	18	25	40	8	11	34	11	61	35	18	8	3	22	17	16	87	17	4	5	12	47	11	37	63	4	15	27	15	14	25	30	21
2011-11-06 20:46:25	17	28	10	18	33	23	8	43	85	52	53	78	48	17	21	32	66	18	25	40	8	11	34	11	61	35	18	8	3	22	17	16	87	17	4	5	12	47	11	37	63	4	15	27	15	14	25	30	21
2011-11-06 20:50:31	17	28	10	18	33	23	8	46	85	52	53	78	48	17	21	32	66	18	25	40	8	11	34	11	61	35	18	8	3	22	17	16	87	17	4	5	12	47	11	37	63	4	15	27	15	14	25	30	21
2011-11-06 20:53:32	17	28	10	18	33	23	8	49	85	52	53	78	48	17	21	32	66	18	25	40	8	11	34	11	61	35	18	8	3	22	17	16	87	17	4	5	12	47	11	37	63	4	15	27	15	14	25	30	21
2011-11-06 20:58:53	17	28	10	18	33	23	8	49	85	52	53	78	48	17	21	32	66	18	25	40	8	11	34	11	61	35	18	8	3	22	17	16	87	17	4	5	16	47	11	37	63	4	15	27	15	14	25	30	21
2011-11-06 21:54:57	17	28	10	18	33	23	8	49	85	52	53	78	48	17	21	32	66	18	25	40	8	11	34	11	61	35	18	8	3	22	17	16	87	17	4	5	16	52	11	37	63	4	15	27	15	14	25	30	21
2011-11-07 00:07:05	17	28	10	18	33	23	8	49	85	52	53	78	48	17	21	32	66	18	25	40	8	11	34	11	61	35	18	8	3	22	17	16	87	17	4	5	16	52	15	37	63	4	15	27	15	14	25	30	21
2011-11-07 00:11:39	17	28	10	18	33	23	8	49	85	52	53	78	51	17	21	32	66	18	25	40	8	11	34	11	61	35	18	8	3	22	17	16	87	17	4	5	16	52	15	37	63	4	15	27	15	14	25	30	21
2011-11-07 00:56:25	17	28	10	18	33	23	8	52	85	52	53	78	51	17	21	32	66	18	25	40	8	11	34	11	61	35	18	8	3	22	17	16	87	17	4	5	16	52	15	37	63	4	15	27	15	14	25	30	21
2011-11-07 00:58:30	17	28	10	18	33	23	8	52	85	52	53	78	54	17	21	32	66	18	25	40	8	11	34	11	61	35	18	8	3	22	17	16	87	17	4	5	16	52	15	37	63	4	15	27	15	14	25	30	21
2011-11-07 00:59:38	17	28	10	18	33	23	8	52	85	52	53	78	58	17	21	32	66	18	25	40	8	11	34	11	61	35	18	8	3	22	17	16	87	17	4	5	16	52	15	37	63	4	15	27	15	14	25	30	21
2011-11-07 01:23:12	17	28	10	18	33	23	8	52	85	52	53	78	61	17	21	32	66	18	25	40	8	11	34	11	61	35	18	8	3	22	17	16	87	17	4	5	16	52	15	37	63	4	15	27	15	14	25	30	21
2011-11-07 01:24:05	17	28	10	18	33	23	8	52	89	52	53	78	61	17	21	32	66	18	25	40	8	11	34	11	61	35	18	8	3	22	17	16	87	17	4	5	16	52	15	37	63	4	15	27	15	14	25	30	21
2011-11-07 01:29:46	17	28	10	18	33	23	8	52	89	52	57	78	61	17	21	32	66	18	25	40	8	11	34	11	61	35	18	8	3	22	17	16	87	17	4	5	16	52	15	37	63	4	15	27	15	14	25	30	21
2011-11-07 01:38:17	17	28	10	18	33	23	8	52	94	52	57	78	61	17	21	32	66	18	25	40	8	11	34	11	61	35	18	8	3	22	17	16	87	17	4	5	16	52	15	37	63	4	15	27	15	14	25	30	21
2011-11-07 08:54:10	17	28	10	18	33	23	8	52	94	56	57	78	61	17	21	32	66	18	25	40	8	11	34	11	61	35	18	8	3	22	17	16	87	17	4	5	16	52	15	37	63	4	15	27	15	14	25	30	21
2011-11-07 08:57:24	17	28	10	18	33	23	8	52	94	56	57	78	61	17	21	32	66	18	25	40	8	11	37	11	61	35	18	8	3	22	17	16	87	17	4	5	16	52	15	37	63	4	15	27	15	14	25	30	21
2011-11-07 09:06:57	17	28	10	18	33	23	8	52	94	56	57	78	61	17	21	32	66	18	25	40	8	11	37	16	61	35	18	8	3	22	17	16	87	17	4	5	16	52	15	37	63	4	15	27	15	14	25	30	21
2011-11-07 15:16:35	17	28	10	18	33	23	8	52	94	56	57	78	61	17	21	32	66	18	25	40	8	11	41	16	61	35	18	8	3	22	17	16	87	17	4	5	16	52	15	37	63	4	15	27	15	14	25	30	21
2011-11-07 15:23:16	17	28	10	18	33	23	8	52	94	56	57	78	61	17	21	32	66	18	25	40	8	11	41	16	61	35	18	8	3	22	17	16	87	17	4	5	16	52	15	37	63	4	15	32	15	14	25	30	21
2011-11-07 21:41:23	17	28	10	18	33	23	8	52	94	56	57	78	61	17	21	32	66	18	25	40	8	11	41	16	61	35	18	8	3	22	17	16	87	17	4	5	16	52	15	37	63	4	15	35	15	14	25	30	21
2011-11-08 23:26:43	17	28	10	18	33	23	8	52	94	56	57	78	61	17	21	32	66	18	25	40	8	11	41	16	61	35	18	8	3	22	17	16	87	17	4	5	16	52	15	37	63	4	15	35	15	14	25	30	25
2011-11-08 23:55:16	17	28	10	18	33	23	8	52	94	56	57	78	61	17	21	32	66	18	25	40	8	11	41	16	61	35	18	8	3	22	17	16	87	17	4	5	16	52	15	37	63	4	19	35	15	14	25	30	25
2011-11-11 15:42:35	17	28	10	18	33	23	8	52	94	56	57	78	61	17	21	32	66	18	25	40	8	11	41	16	61	35	18	8	3	22	17	16	87	17	4	5	16	52	15	37	63	4	19	35	15	14	25	30	29
2011-11-11 15:44:13	17	28	10	18	33	23	8	52	94	56	57	78	61	20	21	32	66	18	25	40	8	11	41	16	61	35	18	8	3	22	17	16	87	17	4	5	16	52	15	37	63	4	19	35	15	14	25	30	29
2011-11-11 15:49:17	17	28	10	18	33	23	8	52	94	56	57	78	61	23	21	32	66	18	25	40	8	11	41	16	61	35	18	8	3	22	17	16	87	17	4	5	16	52	15	37	63	4	19	35	15	14	25	30	29
2011-11-11 15:52:16	17	28	10	18	33	23	8	55	94	56	57	78	61	23	21	32	66	18	25	40	8	11	41	16	61	35	18	8	3	22	17	16	87	17	4	5	16	52	15	37	63	4	19	35	15	14	25	30	29
2011-11-14 13:22:25	17	28	10	18	33	23	8	59	94	56	57	78	61	23	21	32	66	18	25	40	8	11	41	16	61	35	18	8	3	22	17	16	87	17	4	5	16	52	15	37	63	4	19	35	15	14	25	30	29
2011-11-15 15:47:26	17	28	10	18	33	23	8	59	94	56	57	78	61	23	21	32	66	18	25	40	8	11	41	16	61	35	18	8	3	22	17	16	87	17	4	5	16	52	15	37	63	4	23	35	15	14	25	30	29
2011-11-18 17:48:18	17	28	10	18	33	23	8	59	94	56	57	78	61	23	21	32	66	18	25	40	8	11	41	16	61	35	22	8	3	22	17	16	87	17	4	5	16	52	15	37	63	4	23	35	15	14	25	30	29
2011-11-20 12:14:39	17	29	10	18	33	23	8	59	94	56	57	78	61	23	21	32	66	18	25	40	8	11	41	16	61	35	22	8	3	22	17	16	87	17	4	5	16	52	15	37	63	4	23	35	15	14	25	30	29
2011-11-20 12:27:53	17	29	10	18	33	23	8	59	94	56	57	78	61	23	21	32	66	18	25	40	8	11	41	16	61	35	26	8	3	22	17	16	87	17	4	5	16	52	15	37	63	4	23	35	15	14	25	30	29
2011-11-20 12:36:10	17	29	10	18	33	23	8	59	94	56	57	78	61	23	21	32	66	18	25	40	8	11	41	20	61	35	26	8	3	22	17	16	87	17	4	5	16	52	15	37	63	4	23	35	15	14	25	30	29
2011-11-21 16:15:54	17	29	10	18	33	23	8	59	94	56	57	78	61	23	21	32	66	18	25	40	8	11	41	20	61	39	26	8	3	22	17	16	87	17	4	5	16	52	15	37	63	4	23	35	15	14	25	30	29
2011-11-21 17:19:04	17	29	10	18	33	23	8	59	94	56	57	78	61	23	21	32	66	18	25	40	8	11	41	20	65	39	26	8	3	22	17	16	87	17	4	5	16	52	15	37	63	4	23	35	15	14	25	30	29
2011-11-23 17:32:53	17	29	10	18	33	23	8	59	94	56	57	78	61	23	21	32	66	18	25	40	8	11	41	20	65	39	26	8	3	22	17	16	87	17	4	5	16	52	15	37	63	4	23	35	15	18	25	30	29
2011-11-23 18:05:29	17	29	10	18	33	23	8	59	94	56	57	78	61	23	25	32	66	18	25	40	8	11	41	20	65	39	26	8	3	22	17	16	87	17	4	5	16	52	15	37	63	4	23	35	15	18	25	30	29
2011-11-23 18:18:34	17	29	10	18	33	23	8	59	94	56	57	78	61	23	25	32	70	18	25	40	8	11	41	20	65	39	26	8	3	22	17	16	87	17	4	5	16	52	15	37	63	4	23	35	15	18	25	30	29
2011-11-24 02:03:30	17	29	10	18	33	23	8	59	94	56	57	78	61	23	25	32	70	18	25	40	8	11	41	24	65	39	26	8	3	22	17	16	87	17	4	5	16	52	15	37	63	4	23	35	15	18	25	30	29
2011-11-24 02:06:31	17	29	10	18	33	23	8	59	94	56	57	78	61	23	25	32	70	18	25	40	8	11	41	24	65	39	26	8	3	22	17	16	91	17	4	5	16	52	15	37	63	4	23	35	15	18	25	30	29
2011-11-25 14:45:58	17	29	10	18	33	23	8	59	94	56	57	78	61	23	25	32	70	18	25	40	8	11	41	24	65	39	26	8	3	26	17	16	91	17	4	5	16	52	15	37	63	4	23	35	15	18	25	30	29
2011-11-25 15:30:46	17	29	10	18	33	23	8	59	94	56	57	78	61	23	25	32	70	18	25	40	8	11	41	24	65	43	26	8	3	26	17	16	91	17	4	5	16	52	15	37	63	4	23	35	15	18	25	30	29
2011-11-25 16:48:18	17	29	10	18	33	23	8	59	94	56	57	78	61	23	25	32	70	18	25	40	8	11	41	24	69	43	26	8	3	26	17	16	91	17	4	5	16	52	15	37	63	4	23	35	15	18	25	30	29
2011-11-25 16:53:42	17	29	10	18	33	23	8	59	99	56	57	78	61	23	25	32	70	18	25	40	8	11	41	24	69	43	26	8	3	26	17	16	91	17	4	5	16	52	15	37	63	4	23	35	15	18	25	30	29
2011-11-25 21:56:27	17	29	10	18	33	23	8	59	103	56	57	78	61	23	25	32	70	18	25	40	8	11	41	24	69	43	26	8	3	26	17	16	91	17	4	5	16	52	15	37	63	4	23	35	15	18	25	30	29
2011-11-25 22:01:58	17	29	10	18	33	23	8	59	103	56	57	78	61	23	25	32	70	18	25	40	8	11	41	24	69	43	26	8	3	26	17	16	91	17	4	5	21	52	15	37	63	4	23	35	15	18	25	30	29
2011-11-25 22:03:45	17	29	10	18	33	23	8	59	103	56	57	78	61	23	25	32	70	18	25	40	8	11	41	24	69	43	26	8	3	26	17	16	91	17	4	8	21	52	15	37	63	4	23	35	15	18	25	30	29
2011-11-25 22:11:02	17	29	10	18	33	23	8	59	103	56	57	78	61	23	25	32	70	18	25	40	8	11	41	24	69	43	26	8	3	26	17	16	91	17	4	11	21	52	15	37	63	4	23	35	15	18	25	30	29
2011-11-25 22:15:44	17	29	10	18	33	23	8	59	103	56	57	78	61	23	25	32	70	18	25	40	8	11	41	24	69	43	26	8	3	26	17	16	91	17	4	11	21	52	15	37	63	8	23	35	15	18	25	30	29
2011-11-25 22:25:23	17	29	10	18	33	23	8	59	103	56	57	78	61	23	25	32	70	18	25	40	8	11	41	24	69	43	26	8	3	26	17	16	91	17	4	11	21	52	15	37	63	12	23	35	15	18	25	30	29
2011-11-25 22:25:43	17	29	10	18	33	23	8	59	103	56	57	78	61	23	25	32	70	18	25	40	8	11	41	24	69	43	26	8	3	26	17	16	91	17	4	11	24	52	15	37	63	12	23	35	15	18	25	30	29
2011-11-25 22:29:30	17	29	10	18	33	23	8	59	103	56	57	78	61	23	25	32	70	18	25	40	8	11	41	24	69	43	26	8	7	26	17	16	91	17	4	11	24	52	15	37	63	12	23	35	15	18	25	30	29
2011-11-25 22:31:38	17	29	10	18	33	23	8	59	103	56	57	78	61	23	25	32	70	18	25	40	8	11	41	24	69	43	26	8	7	26	17	16	91	21	4	11	24	52	15	37	63	12	23	35	15	18	25	30	29
2011-11-25 22:40:21	17	29	10	18	33	23	8	59	103	56	57	78	61	23	25	32	70	18	25	40	8	11	41	24	69	43	26	8	7	26	17	16	91	21	4	12	24	52	15	37	63	12	23	35	15	18	25	30	29
2011-11-25 22:55:13	17	29	10	18	33	23	8	59	103	56	57	78	61	23	25	32	70	18	25	40	8	11	41	24	69	43	26	8	7	26	17	16	91	21	4	12	24	52	15	37	63	16	23	35	15	18	25	30	29
2011-11-25 22:58:41	17	29	10	18	33	23	8	59	103	56	57	78	61	23	25	32	70	18	25	40	8	11	41	24	69	43	26	8	7	26	17	21	91	21	4	12	24	52	15	37	63	16	23	35	15	18	25	30	29
2011-11-25 23:28:38	17	29	10	18	33	23	8	59	103	56	57	78	61	23	25	32	70	18	25	40	8	11	41	24	69	43	26	8	7	26	17	26	91	21	4	12	24	52	15	37	63	16	23	35	15	18	25	30	29
2011-11-25 23:41:00	17	29	10	18	33	23	8	59	103	56	57	78	61	23	25	32	70	18	25	40	8	11	41	24	69	43	26	8	11	26	17	26	91	21	4	12	24	52	15	37	63	16	23	35	15	18	25	30	29
2011-11-25 23:46:26	17	29	10	18	33	23	8	59	103	56	57	78	61	23	25	32	70	18	25	40	8	11	41	24	69	43	26	8	11	30	17	26	91	21	4	12	24	52	15	37	63	16	23	35	15	18	25	30	29
2011-11-25 23:56:15	17	29	10	18	33	23	8	59	103	56	57	78	61	23	25	32	70	18	25	40	8	11	41	24	69	43	26	8	11	34	17	26	91	21	4	12	24	52	15	37	63	16	23	35	15	18	25	30	29
2011-11-26 00:05:43	17	29	10	18	33	23	8	59	103	56	57	78	61	23	25	32	70	18	25	40	8	11	41	24	69	43	26	8	11	37	17	26	91	21	4	12	24	52	15	37	63	16	23	35	15	18	25	30	29
2011-11-26 00:13:13	17	29	10	18	33	23	8	59	103	56	57	78	61	23	25	32	70	18	25	40	8	11	41	24	69	43	26	8	11	41	17	26	91	21	4	12	24	52	15	37	63	16	23	35	15	18	25	30	29
2011-11-26 00:43:23	17	29	10	18	33	23	8	59	103	56	57	78	61	23	25	32	70	18	25	40	8	11	41	24	69	43	26	8	15	41	17	26	91	21	4	12	24	52	15	37	63	16	23	35	15	18	25	30	29
2011-11-26 14:12:33	17	29	10	18	33	23	8	59	103	56	57	78	61	23	25	32	70	18	25	40	8	11	41	24	69	43	26	8	15	41	21	26	91	21	4	12	24	52	15	37	63	16	23	35	15	18	25	30	29
2011-11-26 14:18:47	17	29	10	18	33	23	8	59	103	56	57	78	61	23	25	32	70	18	25	40	8	11	41	29	69	43	26	8	15	41	21	26	91	21	4	12	24	52	15	37	63	16	23	35	15	18	25	30	29
2011-11-26 22:03:42	17	29	10	18	33	23	8	59	103	56	57	78	61	23	25	32	70	18	25	40	8	14	41	29	69	43	26	8	15	41	21	26	91	21	4	12	24	52	15	37	63	16	23	35	15	18	25	30	29
2011-11-26 22:38:24	17	29	10	18	33	23	8	59	103	56	57	78	61	23	25	32	70	18	25	40	8	14	41	29	69	43	26	8	15	41	21	26	91	21	4	12	29	52	15	37	63	16	23	35	15	18	25	30	29
2011-11-26 23:02:51	17	29	10	18	33	23	8	59	103	56	57	78	61	23	25	32	70	18	25	40	8	14	41	29	69	43	26	8	15	41	21	26	91	21	4	12	29	52	15	37	67	16	23	35	15	18	25	30	29
2011-11-26 23:19:02	17	29	10	18	33	23	8	59	103	56	57	78	61	23	25	32	70	18	25	40	8	14	41	29	69	43	26	8	15	41	21	26	91	21	4	12	29	52	15	37	71	16	23	35	15	18	25	30	29
2011-11-27 00:02:44	17	29	10	18	33	23	8	59	103	56	57	78	61	23	25	32	70	18	25	40	8	14	41	29	69	43	26	8	15	41	21	26	91	21	4	12	29	52	15	37	75	16	23	35	15	18	25	30	29
2011-11-27 11:36:31	17	29	10	18	33	23	8	59	103	56	57	78	65	23	25	32	70	18	25	40	8	14	41	29	69	43	26	8	15	41	21	26	91	21	4	12	29	52	15	37	75	16	23	35	15	18	25	30	29
2011-11-27 12:15:46	17	29	10	18	33	23	8	59	103	56	57	78	65	23	25	32	70	18	29	40	8	14	41	29	69	43	26	8	15	41	21	26	91	21	4	12	29	52	15	37	75	16	23	35	15	18	25	30	29
2011-11-27 12:21:59	17	29	10	18	33	23	8	59	103	56	57	78	65	23	25	36	70	18	29	40	8	14	41	29	69	43	26	8	15	41	21	26	91	21	4	12	29	52	15	37	75	16	23	35	15	18	25	30	29
2011-11-27 12:55:54	17	29	10	18	33	23	8	59	103	56	57	78	65	23	25	40	70	18	29	40	8	14	41	29	69	43	26	8	15	41	21	26	91	21	4	12	29	52	15	37	75	16	23	35	15	18	25	30	29
2011-11-27 13:01:37	17	29	10	18	33	23	8	59	103	56	57	78	65	23	25	40	74	18	29	40	8	14	41	29	69	43	26	8	15	41	21	26	91	21	4	12	29	52	15	37	75	16	23	35	15	18	25	30	29
2011-11-27 14:13:25	17	29	10	18	33	23	8	59	103	56	57	78	65	23	25	40	74	18	33	40	8	14	41	29	69	43	26	8	15	41	21	26	91	21	4	12	29	52	15	37	75	16	23	35	15	18	25	30	29
2011-11-27 14:15:22	17	29	10	18	33	23	8	59	103	56	57	78	65	23	25	40	74	18	33	40	8	14	41	29	73	43	26	8	15	41	21	26	91	21	4	12	29	52	15	37	75	16	23	35	15	18	25	30	29
2011-11-27 14:38:15	17	29	10	18	33	23	8	59	103	56	57	78	65	23	25	40	77	18	33	40	8	14	41	29	73	43	26	8	15	41	21	26	91	21	4	12	29	52	15	37	75	16	23	35	15	18	25	30	29
2011-11-27 21:51:20	17	29	10	18	33	23	8	59	103	56	57	78	65	23	25	40	77	18	33	40	8	14	41	29	73	48	26	8	15	41	21	26	91	21	4	12	29	52	15	37	75	16	23	35	15	18	25	30	29
2011-11-27 22:01:41	17	29	10	18	33	23	8	59	103	56	57	78	65	23	25	40	77	18	33	40	8	14	41	29	73	48	26	8	15	41	21	26	91	21	4	12	29	52	15	37	78	16	23	35	15	18	25	30	29
2011-11-27 22:12:39	17	29	10	18	33	23	8	59	103	56	57	78	65	23	25	40	77	18	33	40	8	14	41	29	73	48	26	8	15	41	21	26	91	21	4	12	29	52	15	37	81	16	23	35	15	18	25	30	29
2011-11-27 22:22:30	17	29	10	18	33	23	8	59	103	56	57	78	65	23	25	40	77	18	33	40	8	14	41	29	73	48	26	8	15	41	21	26	91	21	4	12	29	52	15	37	85	16	23	35	15	18	25	30	29
2011-11-27 22:26:20	17	29	10	18	33	23	8	59	103	56	57	78	65	23	25	40	77	18	33	40	8	14	41	29	73	48	26	8	15	41	21	26	91	21	4	12	29	52	15	37	89	16	23	35	15	18	25	30	29
2011-11-28 10:59:16	17	29	10	18	33	23	8	59	103	56	57	78	65	23	25	40	77	18	33	40	8	14	41	29	73	48	26	8	15	41	21	26	91	21	4	12	29	52	15	37	93	16	23	35	15	18	25	30	29
2011-11-29 20:01:25	17	29	10	18	33	23	8	59	103	56	57	78	65	23	25	40	77	18	33	40	8	14	41	29	73	48	26	8	15	41	21	26	91	21	4	12	29	52	15	37	93	16	23	35	15	18	25	33	29
2011-11-30 16:35:47	20	29	10	18	33	23	8	59	103	56	57	78	65	23	25	40	77	18	33	40	8	14	41	29	73	48	26	8	15	41	21	26	91	21	4	12	29	52	15	37	93	16	23	35	15	18	25	33	29
2011-12-03 14:57:07	20	29	10	18	33	23	8	59	103	56	57	78	65	23	25	40	77	18	33	40	8	14	41	29	73	48	26	8	15	41	21	26	91	21	4	12	29	52	15	37	93	16	23	35	19	18	25	33	29
2011-12-03 18:37:18	20	29	10	18	33	23	8	59	103	56	57	78	65	23	25	40	77	18	33	40	8	17	41	29	73	48	26	8	15	41	21	26	91	21	4	12	29	52	15	37	93	16	23	35	19	18	25	33	29
2011-12-06 20:53:59	20	29	10	18	33	23	8	59	103	56	57	78	65	23	25	40	77	18	33	40	8	17	41	29	73	53	26	8	15	41	21	26	91	21	4	12	29	52	15	37	93	16	23	35	19	18	25	33	29
2011-12-14 15:07:21	20	29	10	18	33	23	8	59	103	56	57	78	65	23	25	40	77	18	33	40	8	17	41	29	73	53	26	8	15	41	21	26	91	21	4	14	29	52	15	37	93	16	23	35	19	18	25	33	29
2011-12-14 19:28:48	20	29	10	18	33	23	8	59	103	56	57	78	65	23	25	40	77	18	33	40	8	17	41	29	73	53	26	8	15	41	21	26	91	21	4	14	29	52	15	37	93	16	23	35	19	18	25	33	33
2011-12-15 01:19:41	20	29	10	18	33	23	8	59	103	56	57	78	65	23	25	40	77	18	33	40	8	17	41	29	73	53	26	8	15	41	21	26	91	21	4	14	29	52	15	37	93	16	23	35	19	18	25	33	37
2011-12-15 01:35:57	20	29	10	18	33	23	8	59	103	56	57	78	65	23	25	40	77	18	33	40	8	17	41	29	73	53	26	8	15	41	21	26	91	21	4	14	29	52	15	37	93	16	23	35	19	18	28	33	37
2011-12-15 01:39:42	20	29	10	18	33	23	8	59	103	56	57	78	65	23	25	40	77	18	33	40	8	17	41	29	73	53	26	8	15	41	21	26	91	21	4	14	29	52	15	37	93	16	23	35	19	18	31	33	37
2011-12-15 02:12:52	20	29	10	18	33	23	8	59	103	56	57	78	65	23	25	40	77	18	33	40	8	17	41	29	73	53	26	8	15	41	21	26	91	21	4	14	29	52	15	37	93	16	23	35	19	18	35	33	37
2011-12-15 03:11:56	20	29	10	18	33	23	8	59	103	56	57	78	65	23	25	40	77	18	33	40	8	17	41	29	73	53	26	8	15	41	21	26	91	21	4	14	29	52	15	37	93	16	23	35	19	18	35	33	41
2011-12-15 10:50:32	20	29	10	18	33	23	8	59	103	56	57	78	65	23	25	40	77	18	33	40	8	17	41	29	73	53	26	8	15	41	21	26	91	21	4	14	29	52	15	37	93	16	23	35	19	18	35	33	46
2011-12-15 17:18:05	20	29	10	18	33	23	8	59	103	56	57	78	65	23	25	40	77	18	33	40	8	17	41	29	73	53	26	8	15	41	21	26	91	21	4	14	29	52	15	37	93	16	23	35	19	18	39	33	46
2011-12-16 17:02:10	20	29	10	18	33	23	8	59	103	56	57	78	65	23	25	40	77	18	33	40	8	17	41	29	73	53	26	8	15	41	21	26	91	21	4	14	29	52	15	37	97	16	23	35	19	18	39	33	46
2012-04-25 23:49:28	20	29	10	18	33	23	8	59	103	56	57	78	65	23	25	40	77	18	33	40	8	17	41	29	73	53	26	8	15	41	21	26	91	21	4	14	29	52	15	37	97	16	23	35	19	18	39	33	46