2013-01-24 17:22:21	0	0	0	0	0	0	0	0	0	0	0	0	0	0	0	0	0	0	0	0	0	0	0	0	0	0	0	0	0	0	0	0	0	0	0	0	0	0	0	0	0	0	0	0	0	0	0	0	0	0	0	0	0	0	0	0	0	0	0	0	0	0	0	0	0	0	0	0	0	0	0	0	0	0	0	0	0	0	0	0	0	0	0	0	0	0	0	0	0	0	0	0	0	0	0	0	0	0	0	0
2013-02-06 12:26:16	0	0	0	0	0	0	0	0	0	0	0	3	0	0	0	0	0	0	0	0	0	0	0	0	0	0	0	0	0	0	0	0	0	0	0	0	0	0	0	0	0	0	0	0	0	0	0	0	0	0	0	0	0	0	0	0	0	0	0	0	0	0	0	0	0	0	0	0	0	0	0	0	0	0	0	0	0	0	0	0	0	0	0	0	0	0	0	0	0	0	0	0	0	0	0	0	0	0	0	0
2013-02-06 12:48:38	0	0	0	0	0	0	0	0	0	0	0	3	0	0	0	0	0	0	0	0	0	0	0	0	0	0	0	0	0	0	0	0	0	0	0	0	0	0	0	0	0	0	0	0	0	0	0	0	0	0	0	0	0	0	0	0	0	0	0	0	0	0	0	0	0	0	0	0	0	0	5	0	0	0	0	0	0	0	0	0	0	0	0	0	0	0	0	0	0	0	0	0	0	0	0	0	0	0	0	0
2013-02-06 18:00:24	0	0	0	0	0	0	0	0	0	0	0	3	0	0	0	0	0	0	0	0	0	0	0	0	0	0	0	0	0	0	0	0	0	0	0	0	0	0	0	0	0	0	0	0	0	0	0	0	0	0	0	0	0	0	0	0	0	0	0	0	0	0	0	0	0	0	0	0	0	0	9	0	0	0	0	0	0	0	0	0	0	0	0	0	0	0	0	0	0	0	0	0	0	0	0	0	0	0	0	0
2013-02-06 20:38:47	0	0	0	0	0	0	0	0	0	0	0	3	0	0	0	0	0	0	0	0	0	0	0	0	0	0	0	0	0	0	0	0	0	0	0	0	0	0	0	0	0	0	0	0	0	0	0	0	0	0	0	0	0	0	0	0	0	0	0	0	0	0	0	0	0	0	0	0	0	0	9	0	0	0	0	0	0	3	0	0	0	0	0	0	0	0	0	0	0	0	0	0	0	0	0	0	0	0	0	0
2013-02-06 20:46:49	0	0	0	0	0	0	0	0	0	0	0	3	0	0	0	0	0	0	0	0	0	0	0	0	0	0	0	0	0	0	0	0	0	0	0	0	0	1	0	0	0	0	0	0	0	0	0	0	0	0	0	0	0	0	0	0	0	0	0	0	0	0	0	0	0	0	0	0	0	0	9	0	0	0	0	0	0	3	0	0	0	0	0	0	0	0	0	0	0	0	0	0	0	0	0	0	0	0	0	0
2013-02-06 20:59:32	0	0	0	0	0	0	0	0	0	0	0	3	0	0	0	0	0	0	0	0	5	0	0	0	0	0	0	0	0	0	0	0	0	0	0	0	0	1	0	0	0	0	0	0	0	0	0	0	0	0	0	0	0	0	0	0	0	0	0	0	0	0	0	0	0	0	0	0	0	0	9	0	0	0	0	0	0	3	0	0	0	0	0	0	0	0	0	0	0	0	0	0	0	0	0	0	0	0	0	0
2013-02-06 21:07:35	0	0	0	0	0	0	0	0	0	0	0	3	0	0	0	0	0	0	0	0	5	4	0	0	0	0	0	0	0	0	0	0	0	0	0	0	0	1	0	0	0	0	0	0	0	0	0	0	0	0	0	0	0	0	0	0	0	0	0	0	0	0	0	0	0	0	0	0	0	0	9	0	0	0	0	0	0	3	0	0	0	0	0	0	0	0	0	0	0	0	0	0	0	0	0	0	0	0	0	0
2013-02-07 01:53:38	0	0	0	0	0	0	0	0	0	0	0	3	0	0	0	0	0	0	0	0	5	4	0	0	0	0	0	4	0	0	0	0	0	0	0	0	0	1	0	0	0	0	0	0	0	0	0	0	0	0	0	0	0	0	0	0	0	0	0	0	0	0	0	0	0	0	0	0	0	0	9	0	0	0	0	0	0	3	0	0	0	0	0	0	0	0	0	0	0	0	0	0	0	0	0	0	0	0	0	0
2013-02-07 02:25:46	0	0	0	0	0	0	0	0	0	0	0	3	0	0	0	0	0	0	0	0	5	4	0	0	0	0	0	4	0	0	0	0	0	0	0	0	0	1	0	0	0	0	0	0	0	0	0	0	0	0	0	0	0	0	0	5	0	0	0	0	0	0	0	0	0	0	0	0	0	0	9	0	0	0	0	0	0	3	0	0	0	0	0	0	0	0	0	0	0	0	0	0	0	0	0	0	0	0	0	0
2013-02-07 02:36:55	0	0	0	0	0	0	0	0	0	0	0	3	0	0	0	0	0	0	0	0	5	4	0	0	0	0	0	4	0	0	0	0	0	0	0	0	0	1	0	0	0	0	0	0	0	0	0	0	0	0	0	0	0	0	0	10	0	0	0	0	0	0	0	0	0	0	0	0	0	0	9	0	0	0	0	0	0	3	0	0	0	0	0	0	0	0	0	0	0	0	0	0	0	0	0	0	0	0	0	0
2013-02-07 13:43:39	0	0	0	0	0	0	0	0	0	0	0	3	0	0	0	0	0	0	0	0	5	4	0	0	0	0	0	4	0	0	0	0	0	0	0	0	0	1	0	0	0	0	0	0	0	0	0	0	0	0	0	0	0	0	0	10	0	0	0	5	0	0	0	0	0	0	0	0	0	0	9	0	0	0	0	0	0	3	0	0	0	0	0	0	0	0	0	0	0	0	0	0	0	0	0	0	0	0	0	0
2013-02-07 13:46:54	0	0	0	0	0	0	0	0	0	0	0	3	0	0	0	0	0	0	0	0	5	4	0	0	0	0	0	4	0	0	0	0	0	0	0	0	0	1	0	0	0	0	0	0	0	3	0	0	0	0	0	0	0	0	0	10	0	0	0	5	0	0	0	0	0	0	0	0	0	0	9	0	0	0	0	0	0	3	0	0	0	0	0	0	0	0	0	0	0	0	0	0	0	0	0	0	0	0	0	0
2013-02-07 19:01:19	0	0	0	0	0	0	0	0	0	0	0	3	0	0	0	0	0	0	0	0	5	4	0	0	0	0	0	4	0	0	0	0	0	0	0	0	0	1	0	0	0	0	0	0	0	3	0	0	0	4	0	0	0	0	0	10	0	0	0	5	0	0	0	0	0	0	0	0	0	0	9	0	0	0	0	0	0	3	0	0	0	0	0	0	0	0	0	0	0	0	0	0	0	0	0	0	0	0	0	0
2013-02-07 21:16:58	0	0	0	0	0	0	0	0	0	0	0	3	0	0	0	0	0	0	0	0	5	4	0	0	0	0	0	4	0	0	0	0	0	0	0	0	0	1	0	0	0	0	0	0	0	3	0	0	0	9	0	0	0	0	0	10	0	0	0	5	0	0	0	0	0	0	0	0	0	0	9	0	0	0	0	0	0	3	0	0	0	0	0	0	0	0	0	0	0	0	0	0	0	0	0	0	0	0	0	0
2013-02-07 21:25:28	0	0	0	0	0	0	0	0	0	0	0	3	0	0	0	0	0	0	0	0	5	4	0	0	0	0	0	4	0	0	0	0	0	0	0	0	0	1	0	0	0	0	0	0	0	3	0	0	0	9	0	0	0	0	0	15	0	0	0	5	0	0	0	0	0	0	0	0	0	0	9	0	0	0	0	0	0	3	0	0	0	0	0	0	0	0	0	0	0	0	0	0	0	0	0	0	0	0	0	0
2013-02-08 00:13:20	0	0	0	0	0	0	0	0	0	0	0	3	0	0	0	0	0	0	0	0	5	4	0	0	0	0	0	4	0	0	0	0	0	0	0	0	0	1	0	0	0	0	0	0	0	3	0	0	0	9	0	0	0	0	4	15	0	0	0	5	0	0	0	0	0	0	0	0	0	0	9	0	0	0	0	0	0	3	0	0	0	0	0	0	0	0	0	0	0	0	0	0	0	0	0	0	0	0	0	0
2013-02-08 00:18:53	0	0	0	0	0	0	0	0	0	0	0	3	0	0	0	0	0	0	0	0	5	4	0	0	0	0	0	4	0	0	0	0	0	0	0	0	0	3	0	0	0	0	0	0	0	3	0	0	0	9	0	0	0	0	4	15	0	0	0	5	0	0	0	0	0	0	0	0	0	0	9	0	0	0	0	0	0	3	0	0	0	0	0	0	0	0	0	0	0	0	0	0	0	0	0	0	0	0	0	0
2013-02-08 00:30:05	0	0	0	0	0	0	0	0	0	0	0	3	0	0	0	0	0	0	0	0	5	4	0	0	0	0	0	4	0	0	0	0	0	0	0	0	0	7	0	0	0	0	0	0	0	3	0	0	0	9	0	0	0	0	4	15	0	0	0	5	0	0	0	0	0	0	0	0	0	0	9	0	0	0	0	0	0	3	0	0	0	0	0	0	0	0	0	0	0	0	0	0	0	0	0	0	0	0	0	0
2013-02-08 00:36:53	0	0	0	0	0	0	0	0	0	0	0	3	0	0	0	0	0	0	0	0	5	4	0	0	0	0	0	4	0	0	0	0	0	5	0	0	0	7	0	0	0	0	0	0	0	3	0	0	0	9	0	0	0	0	4	15	0	0	0	5	0	0	0	0	0	0	0	0	0	0	9	0	0	0	0	0	0	3	0	0	0	0	0	0	0	0	0	0	0	0	0	0	0	0	0	0	0	0	0	0
2013-02-08 00:46:20	0	0	0	0	0	0	0	0	0	0	0	3	0	0	0	0	0	0	0	0	5	4	0	0	0	0	0	4	0	0	0	0	0	5	0	0	0	7	0	0	0	0	0	0	0	3	0	0	0	9	0	0	0	0	4	15	0	0	0	5	0	0	0	0	4	0	0	0	0	0	9	0	0	0	0	0	0	3	0	0	0	0	0	0	0	0	0	0	0	0	0	0	0	0	0	0	0	0	0	0
2013-02-08 00:56:14	0	0	0	0	0	0	0	0	0	0	0	3	0	0	0	0	0	0	0	0	5	4	0	0	0	0	0	4	0	0	0	0	0	10	0	0	0	7	0	0	0	0	0	0	0	3	0	0	0	9	0	0	0	0	4	15	0	0	0	5	0	0	0	0	4	0	0	0	0	0	9	0	0	0	0	0	0	3	0	0	0	0	0	0	0	0	0	0	0	0	0	0	0	0	0	0	0	0	0	0
2013-02-08 02:51:29	0	0	0	0	0	0	0	0	0	0	0	3	0	0	0	0	0	0	0	0	5	4	0	0	0	0	0	4	0	0	0	0	3	10	0	0	0	7	0	0	0	0	0	0	0	3	0	0	0	9	0	0	0	0	4	15	0	0	0	5	0	0	0	0	4	0	0	0	0	0	9	0	0	0	0	0	0	3	0	0	0	0	0	0	0	0	0	0	0	0	0	0	0	0	0	0	0	0	0	0
2013-02-08 10:22:35	0	0	0	0	0	0	0	0	0	0	0	3	0	0	0	0	0	0	0	0	5	4	0	0	0	0	0	4	0	0	0	0	3	10	0	0	0	7	0	0	0	0	0	0	0	3	0	0	0	9	0	0	0	0	4	15	0	0	0	5	0	0	0	0	4	0	0	0	0	0	9	0	0	0	0	0	0	3	0	0	0	0	0	0	0	0	0	0	0	0	0	0	0	0	0	5	0	0	0	0
2013-02-08 10:28:45	0	0	0	0	0	0	0	0	0	0	0	3	0	0	0	0	0	0	0	0	5	4	0	0	0	0	0	4	0	0	0	0	3	10	0	0	0	7	0	0	0	0	0	0	0	3	0	0	0	9	0	0	0	0	4	15	0	0	0	5	0	5	0	0	4	0	0	0	0	0	9	0	0	0	0	0	0	3	0	0	0	0	0	0	0	0	0	0	0	0	0	0	0	0	0	5	0	0	0	0
2013-02-08 16:18:13	0	0	0	0	0	0	0	0	0	0	0	3	0	0	0	0	0	0	0	0	5	4	0	0	0	0	0	4	0	0	0	0	3	10	0	0	0	7	0	0	0	0	0	0	0	3	0	0	0	9	0	0	0	0	4	15	0	0	0	5	0	5	0	0	4	5	0	0	0	0	9	0	0	0	0	0	0	3	0	0	0	0	0	0	0	0	0	0	0	0	0	0	0	0	0	5	0	0	0	0
2013-02-08 16:30:59	0	0	0	0	0	0	0	0	0	0	0	3	0	0	0	0	0	0	0	0	5	4	0	0	0	0	0	4	0	0	0	0	3	10	0	0	0	7	0	0	0	0	0	0	0	3	0	0	0	9	0	0	0	0	4	15	5	0	0	5	0	5	0	0	4	5	0	0	0	0	9	0	0	0	0	0	0	3	0	0	0	0	0	0	0	0	0	0	0	0	0	0	0	0	0	5	0	0	0	0
2013-02-08 16:47:53	0	0	0	0	0	0	0	0	0	0	0	3	0	0	0	0	0	0	0	0	5	4	0	0	0	0	0	4	0	0	0	0	3	10	0	0	0	7	0	0	0	0	0	0	0	3	0	0	0	9	0	0	0	0	4	15	5	0	0	10	0	5	0	0	4	5	0	0	0	0	9	0	0	0	0	0	0	3	0	0	0	0	0	0	0	0	0	0	0	0	0	0	0	0	0	5	0	0	0	0
2013-02-08 18:39:02	0	0	0	0	0	0	0	0	0	0	0	3	0	0	0	0	0	0	0	0	5	4	0	0	0	0	0	4	0	0	0	0	3	10	0	0	0	7	0	0	0	0	0	0	0	3	0	0	0	9	0	0	0	0	4	15	5	0	0	14	0	5	0	0	4	5	0	0	0	0	9	0	0	0	0	0	0	3	0	0	0	0	0	0	0	0	0	0	0	0	0	0	0	0	0	5	0	0	0	0
2013-02-08 18:50:26	0	0	0	0	0	0	0	0	0	0	0	3	0	0	0	0	0	0	0	0	5	4	0	0	0	0	0	4	0	0	0	0	3	10	0	0	0	7	0	0	0	0	0	0	0	3	0	0	0	13	0	0	0	0	4	15	5	0	0	14	0	5	0	0	4	5	0	0	0	0	9	0	0	0	0	0	0	3	0	0	0	0	0	0	0	0	0	0	0	0	0	0	0	0	0	5	0	0	0	0
2013-02-08 18:53:56	0	0	0	0	0	0	0	0	0	0	0	3	0	0	0	0	0	0	0	0	5	4	0	0	0	0	0	4	0	0	0	0	3	10	0	0	0	7	0	0	0	0	1	0	0	3	0	0	0	13	0	0	0	0	4	15	5	0	0	14	0	5	0	0	4	5	0	0	0	0	9	0	0	0	0	0	0	3	0	0	0	0	0	0	0	0	0	0	0	0	0	0	0	0	0	5	0	0	0	0
2013-02-09 20:00:46	0	0	0	0	0	0	0	0	0	0	0	3	0	0	0	0	0	0	0	0	5	4	0	0	0	0	0	4	0	0	0	0	3	10	0	0	0	7	0	0	0	0	5	0	0	3	0	0	0	13	0	0	0	0	4	15	5	0	0	14	0	5	0	0	4	5	0	0	0	0	9	0	0	0	0	0	0	3	0	0	0	0	0	0	0	0	0	0	0	0	0	0	0	0	0	5	0	0	0	0
2013-02-09 20:22:26	0	0	0	0	0	0	0	0	0	0	0	3	0	0	0	0	0	0	0	0	5	4	0	0	0	0	0	4	0	0	0	0	3	10	0	0	0	7	0	0	0	0	5	1	0	3	0	0	0	13	0	0	0	0	4	15	5	0	0	14	0	5	0	0	4	5	0	0	0	0	9	0	0	0	0	0	0	3	0	0	0	0	0	0	0	0	0	0	0	0	0	0	0	0	0	5	0	0	0	0
2013-02-09 20:29:06	0	0	0	0	0	0	0	0	0	0	0	3	0	0	0	0	0	0	0	0	5	4	0	0	0	0	0	4	0	0	0	0	3	10	0	0	0	7	0	2	0	0	5	1	0	3	0	0	0	13	0	0	0	0	4	15	5	0	0	14	0	5	0	0	4	5	0	0	0	0	9	0	0	0	0	0	0	3	0	0	0	0	0	0	0	0	0	0	0	0	0	0	0	0	0	5	0	0	0	0
2013-02-09 20:40:44	0	0	0	0	0	0	0	0	0	0	0	3	0	0	0	0	0	0	0	0	5	4	0	0	0	0	0	4	0	0	0	0	5	10	0	0	0	7	0	2	0	0	5	1	0	3	0	0	0	13	0	0	0	0	4	15	5	0	0	14	0	5	0	0	4	5	0	0	0	0	9	0	0	0	0	0	0	3	0	0	0	0	0	0	0	0	0	0	0	0	0	0	0	0	0	5	0	0	0	0
2013-02-09 21:50:44	0	0	0	0	0	0	0	0	0	0	0	3	0	0	0	0	0	0	0	0	5	4	0	0	0	0	0	4	0	0	0	0	5	10	0	1	0	7	0	2	0	0	5	1	0	3	0	0	0	13	0	0	0	0	4	15	5	0	0	14	0	5	0	0	4	5	0	0	0	0	9	0	0	0	0	0	0	3	0	0	0	0	0	0	0	0	0	0	0	0	0	0	0	0	0	5	0	0	0	0
2013-02-09 21:55:13	0	0	0	0	0	0	0	0	0	0	0	3	0	0	0	0	0	0	0	0	5	4	0	0	0	0	0	9	0	0	0	0	5	10	0	1	0	7	0	2	0	0	5	1	0	3	0	0	0	13	0	0	0	0	4	15	5	0	0	14	0	5	0	0	4	5	0	0	0	0	9	0	0	0	0	0	0	3	0	0	0	0	0	0	0	0	0	0	0	0	0	0	0	0	0	5	0	0	0	0
2013-02-09 22:10:07	0	0	0	0	0	0	0	0	0	0	0	3	0	0	0	0	0	0	0	0	5	4	0	0	0	0	0	13	0	0	0	0	5	10	0	1	0	7	0	2	0	0	5	1	0	3	0	0	0	13	0	0	0	0	4	15	5	0	0	14	0	5	0	0	4	5	0	0	0	0	9	0	0	0	0	0	0	3	0	0	0	0	0	0	0	0	0	0	0	0	0	0	0	0	0	5	0	0	0	0
2013-02-09 22:13:50	0	0	0	0	0	0	0	0	0	0	0	3	0	0	0	0	0	0	0	0	10	4	0	0	0	0	0	13	0	0	0	0	5	10	0	1	0	7	0	2	0	0	5	1	0	3	0	0	0	13	0	0	0	0	4	15	5	0	0	14	0	5	0	0	4	5	0	0	0	0	9	0	0	0	0	0	0	3	0	0	0	0	0	0	0	0	0	0	0	0	0	0	0	0	0	5	0	0	0	0
2013-02-09 22:18:46	0	0	0	0	0	0	0	0	0	0	0	3	0	0	0	0	0	0	0	0	10	4	0	0	0	0	0	17	0	0	0	0	5	10	0	1	0	7	0	2	0	0	5	1	0	3	0	0	0	13	0	0	0	0	4	15	5	0	0	14	0	5	0	0	4	5	0	0	0	0	9	0	0	0	0	0	0	3	0	0	0	0	0	0	0	0	0	0	0	0	0	0	0	0	0	5	0	0	0	0
2013-02-10 02:55:11	0	0	0	0	0	0	0	0	0	0	0	3	0	0	0	0	0	0	0	0	10	4	0	0	0	0	0	17	0	0	0	0	5	10	0	1	0	7	0	2	0	0	5	1	0	3	0	0	0	13	0	0	0	0	4	15	5	0	0	14	0	5	0	0	4	5	0	0	0	0	9	0	4	0	0	0	0	3	0	0	0	0	0	0	0	0	0	0	0	0	0	0	0	0	0	5	0	0	0	0
2013-02-10 23:48:50	0	0	0	0	0	0	0	0	0	0	0	3	0	0	0	0	0	0	0	0	10	4	0	0	0	0	0	17	0	0	3	0	5	10	0	1	0	7	0	2	0	0	5	1	0	3	0	0	0	13	0	0	0	0	4	15	5	0	0	14	0	5	0	0	4	5	0	0	0	0	9	0	4	0	0	0	0	3	0	0	0	0	0	0	0	0	0	0	0	0	0	0	0	0	0	5	0	0	0	0
2013-02-11 14:11:48	0	0	0	0	0	0	0	0	0	0	0	3	0	0	0	0	0	0	0	0	10	4	0	0	0	0	0	17	0	0	3	0	5	10	0	1	0	7	0	2	0	0	5	1	0	3	0	0	0	13	0	0	0	0	4	15	5	0	0	14	0	5	0	0	4	5	0	0	0	0	9	0	4	0	0	0	0	3	0	0	0	0	0	0	0	0	0	0	0	0	4	0	0	0	0	5	0	0	0	0
2013-02-11 15:47:39	0	0	0	0	0	0	0	0	0	0	0	3	0	0	0	0	0	0	0	0	10	4	0	0	0	0	0	17	0	0	3	0	5	10	0	1	0	7	0	2	0	4	5	1	0	3	0	0	0	13	0	0	0	0	4	15	5	0	0	14	0	5	0	0	4	5	0	0	0	0	9	0	4	0	0	0	0	3	0	0	0	0	0	0	0	0	0	0	0	0	4	0	0	0	0	5	0	0	0	0
2013-02-11 15:52:57	0	0	0	0	0	0	0	0	0	0	0	3	0	0	0	0	0	0	0	0	10	4	0	0	0	0	0	17	0	0	3	0	5	10	0	1	0	7	0	2	0	4	5	1	0	3	5	0	0	13	0	0	0	0	4	15	5	0	0	14	0	5	0	0	4	5	0	0	0	0	9	0	4	0	0	0	0	3	0	0	0	0	0	0	0	0	0	0	0	0	4	0	0	0	0	5	0	0	0	0
2013-02-11 15:57:41	0	0	0	0	0	0	0	0	0	0	0	3	0	0	0	0	0	0	0	0	10	4	0	0	0	0	0	17	0	0	3	0	5	10	0	1	0	7	0	2	0	4	5	1	0	8	5	0	0	13	0	0	0	0	4	15	5	0	0	14	0	5	0	0	4	5	0	0	0	0	9	0	4	0	0	0	0	3	0	0	0	0	0	0	0	0	0	0	0	0	4	0	0	0	0	5	0	0	0	0
2013-02-11 16:00:07	0	0	0	0	0	0	0	0	0	0	0	3	0	0	0	0	0	0	0	0	10	4	0	0	0	0	0	17	0	0	3	0	5	10	0	1	0	7	0	2	0	4	5	1	0	8	5	5	0	13	0	0	0	0	4	15	5	0	0	14	0	5	0	0	4	5	0	0	0	0	9	0	4	0	0	0	0	3	0	0	0	0	0	0	0	0	0	0	0	0	4	0	0	0	0	5	0	0	0	0
2013-02-11 16:03:37	0	0	0	0	0	0	0	0	0	0	0	3	0	0	0	0	0	0	0	0	10	4	0	0	0	0	0	17	0	0	3	0	5	10	0	1	0	7	0	2	0	4	5	6	0	8	5	5	0	13	0	0	0	0	4	15	5	0	0	14	0	5	0	0	4	5	0	0	0	0	9	0	4	0	0	0	0	3	0	0	0	0	0	0	0	0	0	0	0	0	4	0	0	0	0	5	0	0	0	0
2013-02-11 16:15:29	0	0	0	0	0	0	0	0	0	0	0	3	0	0	0	0	0	0	0	0	10	4	0	0	0	0	0	17	0	0	3	0	5	10	0	1	0	7	0	2	0	4	9	6	0	8	5	5	0	13	0	0	0	0	4	15	5	0	0	14	0	5	0	0	4	5	0	0	0	0	9	0	4	0	0	0	0	3	0	0	0	0	0	0	0	0	0	0	0	0	4	0	0	0	0	5	0	0	0	0
2013-02-11 22:55:48	0	0	0	0	0	0	0	0	0	0	0	3	0	0	0	0	0	0	0	0	10	4	0	0	0	0	0	17	0	0	3	0	5	10	0	1	0	7	0	2	3	4	9	6	0	8	5	5	0	13	0	0	0	0	4	15	5	0	0	14	0	5	0	0	4	5	0	0	0	0	9	0	4	0	0	0	0	3	0	0	0	0	0	0	0	0	0	0	0	0	4	0	0	0	0	5	0	0	0	0
2013-02-11 23:29:14	0	0	0	0	0	0	0	0	0	0	0	3	0	0	0	0	0	0	0	0	10	4	0	0	0	0	0	17	0	0	3	0	5	10	0	1	0	7	0	2	3	4	9	6	0	8	5	5	0	13	0	0	0	0	4	15	5	0	0	18	0	5	0	0	4	5	0	0	0	0	9	0	4	0	0	0	0	3	0	0	0	0	0	0	0	0	0	0	0	0	4	0	0	0	0	5	0	0	0	0
2013-02-12 01:05:27	0	0	0	0	0	0	0	0	0	0	0	3	0	0	0	0	0	0	0	0	10	4	0	0	0	0	0	17	0	0	3	0	5	10	0	1	0	7	0	2	3	4	9	6	0	8	5	5	0	13	0	0	0	0	4	15	5	0	0	18	0	5	0	0	4	5	0	0	0	0	9	0	4	0	0	0	0	3	0	0	0	0	0	0	0	0	0	0	0	0	4	0	0	0	5	5	0	0	0	0
2013-02-12 09:48:14	0	0	0	0	0	0	0	0	0	0	0	3	0	0	0	0	0	0	0	0	10	4	0	0	0	0	0	17	0	0	3	0	5	10	0	1	0	7	0	2	3	4	9	6	0	8	5	5	0	13	0	0	0	0	4	20	5	0	0	18	0	5	0	0	4	5	0	0	0	0	9	0	4	0	0	0	0	3	0	0	0	0	0	0	0	0	0	0	0	0	4	0	0	0	5	5	0	0	0	0
2013-02-12 17:17:21	0	0	0	0	0	0	0	0	0	0	0	3	0	0	0	0	0	0	0	0	10	4	0	0	0	0	5	17	0	0	3	0	5	10	0	1	0	7	0	2	3	4	9	6	0	8	5	5	0	13	0	0	0	0	4	20	5	0	0	18	0	5	0	0	4	5	0	0	0	0	9	0	4	0	0	0	0	3	0	0	0	0	0	0	0	0	0	0	0	0	4	0	0	0	5	5	0	0	0	0
2013-02-12 17:21:09	0	0	0	0	0	0	0	0	0	0	0	3	0	0	0	0	0	0	0	0	10	4	0	0	0	0	5	17	0	0	3	0	5	10	0	1	0	7	0	2	3	4	9	6	0	8	5	5	0	13	0	0	0	0	4	20	5	0	0	18	0	5	0	0	4	5	0	0	0	0	9	0	4	0	0	0	0	3	0	0	0	0	0	4	0	0	0	0	0	0	4	0	0	0	5	5	0	0	0	0
2013-02-12 17:26:51	0	0	0	0	0	0	0	0	0	0	0	3	0	0	0	0	0	0	0	0	10	4	0	0	0	0	5	17	0	0	3	0	5	10	0	1	0	7	0	2	3	4	9	6	0	8	5	5	0	13	0	0	0	0	4	20	5	0	0	18	0	5	0	0	4	5	0	0	0	0	9	0	4	0	0	0	0	3	0	0	0	4	0	4	0	0	0	0	0	0	4	0	0	0	5	5	0	0	0	0
2013-02-12 17:28:38	0	0	0	0	0	0	0	0	0	0	0	3	0	0	0	0	0	0	0	0	10	4	0	0	0	0	5	17	0	0	3	0	5	10	0	1	0	7	0	2	3	4	9	6	0	8	5	5	0	13	0	0	0	0	4	20	5	0	0	18	0	5	0	0	4	5	0	0	0	0	9	0	4	0	0	0	0	3	0	0	0	4	0	4	3	0	0	0	0	0	4	0	0	0	5	5	0	0	0	0
2013-02-12 17:39:11	0	0	0	0	0	0	0	0	0	0	0	3	0	0	0	0	0	0	0	0	10	4	0	0	0	0	5	17	0	0	3	0	5	10	0	1	0	7	0	2	3	4	9	6	0	8	5	5	0	13	0	0	0	0	4	20	5	0	0	18	0	5	0	0	4	5	0	0	0	0	9	0	4	0	0	0	0	3	0	0	0	4	0	4	3	0	0	0	0	4	4	0	0	0	5	5	0	0	0	0
2013-02-12 17:40:34	0	0	0	0	0	0	0	0	0	0	0	3	0	0	0	0	0	0	0	0	10	4	0	0	0	0	5	17	0	0	3	0	5	10	0	1	0	7	0	2	3	4	9	6	0	8	5	5	0	13	0	0	0	0	4	20	5	0	0	18	0	5	0	0	4	5	0	0	0	0	9	0	4	0	0	0	0	3	0	0	0	4	4	4	3	0	0	0	0	4	4	0	0	0	5	5	0	0	0	0
2013-02-12 18:19:12	0	0	0	0	0	0	0	0	0	0	0	3	0	0	0	0	0	0	0	0	10	4	0	0	0	0	5	17	0	0	3	0	5	10	0	1	0	7	0	2	3	4	9	6	0	8	5	5	0	13	0	0	0	0	4	20	5	0	0	18	0	5	0	0	4	5	0	0	0	0	9	0	4	0	0	0	0	3	0	0	0	4	4	4	3	0	0	3	0	4	4	0	0	0	5	5	0	0	0	0
2013-02-12 18:34:05	0	0	0	0	0	0	0	0	0	0	0	3	0	0	0	0	0	0	0	0	10	4	0	0	0	0	5	17	0	0	3	0	5	10	0	1	0	7	0	2	3	4	9	6	0	8	5	5	0	13	0	0	0	0	4	20	5	0	0	18	0	5	0	0	4	5	0	0	0	0	9	0	4	0	0	0	0	3	0	0	0	4	4	4	3	0	0	3	0	5	4	0	0	0	5	5	0	0	0	0
2013-02-13 04:43:35	0	0	0	0	0	0	0	0	0	0	0	3	0	0	0	0	0	0	0	0	10	4	0	0	0	0	5	17	0	0	3	0	5	10	0	1	0	7	0	2	3	4	9	6	0	8	5	5	0	13	0	0	0	0	4	20	5	0	0	18	0	5	0	0	4	5	0	0	0	0	9	0	4	0	0	0	0	3	0	0	0	4	4	4	3	0	0	3	5	5	4	0	0	0	5	5	0	0	0	0
2013-02-13 04:56:34	0	0	0	0	0	0	0	0	0	0	0	3	0	0	0	0	0	0	0	0	10	4	0	0	0	0	5	17	0	0	3	0	5	10	0	1	0	7	0	2	3	4	9	6	0	8	5	5	0	13	0	0	0	0	4	20	5	0	0	18	0	5	0	0	4	5	0	0	0	0	9	0	4	0	0	0	0	3	0	0	0	4	4	4	3	0	0	3	5	5	4	0	0	0	5	5	0	0	5	0
2013-02-13 08:44:43	0	0	0	0	0	0	0	0	0	0	0	3	0	0	0	0	0	0	0	0	10	4	0	0	0	0	5	17	0	0	3	0	5	10	0	1	0	7	0	2	3	4	9	6	0	8	5	5	0	13	0	0	0	0	4	20	5	0	0	18	0	5	0	0	4	5	0	0	0	0	9	0	4	0	0	0	0	3	0	0	0	4	4	4	3	0	0	3	5	5	4	0	0	0	5	10	0	0	5	0
2013-02-13 08:51:59	0	0	0	0	0	0	0	0	0	0	0	3	0	0	0	0	0	0	0	0	10	4	0	0	0	0	5	17	0	0	3	0	5	10	0	1	0	7	4	2	3	4	9	6	0	8	5	5	0	13	0	0	0	0	4	20	5	0	0	18	0	5	0	0	4	5	0	0	0	0	9	0	4	0	0	0	0	3	0	0	0	4	4	4	3	0	0	3	5	5	4	0	0	0	5	10	0	0	5	0
2013-02-13 09:19:20	0	0	0	0	0	0	0	0	0	0	0	3	0	0	0	0	0	0	0	0	10	4	0	0	0	0	5	17	0	0	3	0	5	10	2	1	0	7	4	2	3	4	9	6	0	8	5	5	0	13	0	0	0	0	4	20	5	0	0	18	0	5	0	0	4	5	0	0	0	0	9	0	4	0	0	0	0	3	0	0	0	4	4	4	3	0	0	3	5	5	4	0	0	0	5	10	0	0	5	0
2013-02-13 21:13:32	0	0	0	0	0	0	0	0	0	0	0	3	0	0	0	0	0	0	0	0	10	4	0	0	0	0	5	17	0	0	3	0	5	10	2	1	0	10	4	2	3	4	9	6	0	8	5	5	0	13	0	0	0	0	4	20	5	0	0	18	0	5	0	0	4	5	0	0	0	0	9	0	4	0	0	0	0	3	0	0	0	4	4	4	3	0	0	3	5	5	4	0	0	0	5	10	0	0	5	0
2013-02-13 21:25:38	0	0	0	0	0	0	0	0	0	0	0	3	0	0	0	0	0	0	0	0	10	4	0	0	0	0	5	17	0	0	3	0	5	10	2	1	0	10	4	2	3	4	9	6	0	8	5	5	5	13	0	0	0	0	4	20	5	0	0	18	0	5	0	0	4	5	0	0	0	0	9	0	4	0	0	0	0	3	0	0	0	4	4	4	3	0	0	3	5	5	4	0	0	0	5	10	0	0	5	0
2013-02-13 21:29:23	0	0	0	0	0	0	0	0	0	0	0	3	0	0	0	0	0	0	0	0	10	4	0	0	0	0	5	17	0	0	3	0	5	10	2	1	0	10	4	2	3	4	9	6	0	8	5	5	5	17	0	0	0	0	4	20	5	0	0	18	0	5	0	0	4	5	0	0	0	0	9	0	4	0	0	0	0	3	0	0	0	4	4	4	3	0	0	3	5	5	4	0	0	0	5	10	0	0	5	0
2013-02-13 21:39:44	0	0	0	0	0	0	0	0	0	0	0	3	0	0	0	0	0	0	0	0	10	4	0	0	0	0	5	17	0	0	3	0	5	10	2	1	0	10	4	2	3	4	9	6	0	12	5	5	5	17	0	0	0	0	4	20	5	0	0	18	0	5	0	0	4	5	0	0	0	0	9	0	4	0	0	0	0	3	0	0	0	4	4	4	3	0	0	3	5	5	4	0	0	0	5	10	0	0	5	0
2013-02-13 21:57:29	0	0	0	0	0	0	0	0	0	0	0	3	0	0	0	0	0	0	0	0	10	4	0	0	0	0	5	17	0	0	3	0	5	10	2	1	0	10	4	2	3	4	9	6	0	12	5	5	8	17	0	0	0	0	4	20	5	0	0	18	0	5	0	0	4	5	0	0	0	0	9	0	4	0	0	0	0	3	0	0	0	4	4	4	3	0	0	3	5	5	4	0	0	0	5	10	0	0	5	0
2013-02-13 22:14:59	0	0	0	0	0	0	0	0	0	0	0	3	0	0	0	0	0	0	0	0	10	4	0	0	0	0	5	17	0	0	3	0	5	10	2	1	0	10	4	2	3	4	11	6	0	12	5	5	8	17	0	0	0	0	4	20	5	0	0	18	0	5	0	0	4	5	0	0	0	0	9	0	4	0	0	0	0	3	0	0	0	4	4	4	3	0	0	3	5	5	4	0	0	0	5	10	0	0	5	0
2013-02-13 22:19:25	0	0	0	0	0	0	0	0	0	0	0	3	0	0	0	0	0	0	0	0	10	4	0	0	0	0	5	17	0	0	3	0	5	10	2	1	0	10	4	2	3	4	11	6	0	16	5	5	8	17	0	0	0	0	4	20	5	0	0	18	0	5	0	0	4	5	0	0	0	0	9	0	4	0	0	0	0	3	0	0	0	4	4	4	3	0	0	3	5	5	4	0	0	0	5	10	0	0	5	0
2013-02-14 02:34:56	0	0	0	0	0	0	0	0	0	0	0	3	0	0	0	0	0	0	0	0	10	4	0	0	0	0	5	17	0	0	3	0	5	10	2	1	0	10	4	2	3	4	11	6	0	16	5	5	8	22	0	0	0	0	4	20	5	0	0	18	0	5	0	0	4	5	0	0	0	0	9	0	4	0	0	0	0	3	0	0	0	4	4	4	3	0	0	3	5	5	4	0	0	0	5	10	0	0	5	0
2013-02-14 02:37:21	0	0	0	0	0	0	0	0	0	0	0	3	0	0	0	0	0	0	0	0	10	4	0	0	0	0	5	17	0	0	3	0	5	10	2	1	0	10	4	2	3	4	11	6	0	16	5	5	8	22	0	0	0	0	4	25	5	0	0	18	0	5	0	0	4	5	0	0	0	0	9	0	4	0	0	0	0	3	0	0	0	4	4	4	3	0	0	3	5	5	4	0	0	0	5	10	0	0	5	0
2013-02-14 02:43:52	0	0	0	0	0	0	0	0	0	0	0	3	0	0	0	0	0	0	0	0	10	4	0	0	0	0	5	17	0	0	3	0	5	10	2	1	0	10	4	2	3	4	11	6	0	16	5	5	8	22	0	0	0	0	4	30	5	0	0	18	0	5	0	0	4	5	0	0	0	0	9	0	4	0	0	0	0	3	0	0	0	4	4	4	3	0	0	3	5	5	4	0	0	0	5	10	0	0	5	0
2013-02-14 02:45:34	0	0	0	0	0	0	0	0	0	0	0	3	0	0	0	0	0	0	0	0	10	4	0	0	0	0	5	17	0	0	3	0	5	10	2	1	0	10	4	2	3	4	11	6	0	16	5	5	8	22	0	0	0	0	4	35	5	0	0	18	0	5	0	0	4	5	0	0	0	0	9	0	4	0	0	0	0	3	0	0	0	4	4	4	3	0	0	3	5	5	4	0	0	0	5	10	0	0	5	0
2013-02-14 04:23:56	0	0	0	0	0	0	0	0	0	0	0	3	0	0	0	0	0	0	0	0	10	4	0	0	0	0	5	17	0	0	3	0	5	10	2	1	0	10	4	2	3	4	11	6	0	16	5	5	8	22	0	0	0	0	4	40	5	0	0	18	0	5	0	0	4	5	0	0	0	0	9	0	4	0	0	0	0	3	0	0	0	4	4	4	3	0	0	3	5	5	4	0	0	0	5	10	0	0	5	0
2013-02-14 08:28:06	0	0	0	0	0	0	0	0	0	0	0	3	0	0	0	0	0	0	0	0	10	4	0	0	0	0	5	17	0	0	3	0	5	10	2	1	0	10	4	2	3	4	11	6	0	16	5	5	8	22	0	0	0	0	4	40	5	0	0	23	0	5	0	0	4	5	0	0	0	0	9	0	4	0	0	0	0	3	0	0	0	4	4	4	3	0	0	3	5	5	4	0	0	0	5	10	0	0	5	0
2013-02-14 08:28:58	0	0	0	0	0	0	0	0	0	0	0	3	0	0	0	0	0	0	0	0	10	4	0	0	0	0	5	17	0	0	3	0	5	10	2	5	0	10	4	2	3	4	11	6	0	16	5	5	8	22	0	0	0	0	4	40	5	0	0	23	0	5	0	0	4	5	0	0	0	0	9	0	4	0	0	0	0	3	0	0	0	4	4	4	3	0	0	3	5	5	4	0	0	0	5	10	0	0	5	0
2013-02-14 11:28:55	0	0	0	0	0	0	0	0	0	0	0	3	0	0	0	0	0	0	0	0	10	4	0	0	0	0	5	17	0	0	3	0	8	10	2	5	0	10	4	2	3	4	11	6	0	16	5	5	8	22	0	0	0	0	4	40	5	0	0	23	0	5	0	0	4	5	0	0	0	0	9	0	4	0	0	0	0	3	0	0	0	4	4	4	3	0	0	3	5	5	4	0	0	0	5	10	0	0	5	0
2013-02-14 11:29:29	0	0	0	0	0	0	0	0	0	0	0	3	0	0	0	0	0	0	0	0	10	4	0	0	0	0	5	17	0	0	3	0	8	10	3	5	0	10	4	2	3	4	11	6	0	16	5	5	8	22	0	0	0	0	4	40	5	0	0	23	0	5	0	0	4	5	0	0	0	0	9	0	4	0	0	0	0	3	0	0	0	4	4	4	3	0	0	3	5	5	4	0	0	0	5	10	0	0	5	0
2013-02-14 23:47:02	0	0	0	0	0	0	0	0	0	0	0	3	0	0	0	0	0	0	0	0	10	4	0	0	0	0	5	17	0	0	3	0	8	10	3	5	0	10	4	4	3	4	11	6	0	16	5	5	8	22	0	0	0	0	4	40	5	0	0	23	0	5	0	0	4	5	0	0	0	0	9	0	4	0	0	0	0	3	0	0	0	4	4	4	3	0	0	3	5	5	4	0	0	0	5	10	0	0	5	0
2013-02-14 23:52:37	0	0	0	0	0	0	0	0	0	0	0	3	0	0	0	0	0	0	0	0	10	4	0	0	0	0	5	17	0	0	3	0	8	10	3	5	0	10	4	4	3	4	11	6	0	16	5	5	8	22	0	0	0	0	7	40	5	0	0	23	0	5	0	0	4	5	0	0	0	0	9	0	4	0	0	0	0	3	0	0	0	4	4	4	3	0	0	3	5	5	4	0	0	0	5	10	0	0	5	0
2013-02-15 00:03:25	0	0	0	0	0	0	0	0	0	0	0	3	0	0	0	0	0	0	0	0	10	4	0	0	0	0	5	17	0	0	3	0	8	10	3	5	0	10	4	4	3	4	11	6	0	16	5	5	8	22	0	0	0	0	10	40	5	0	0	23	0	5	0	0	4	5	0	0	0	0	9	0	4	0	0	0	0	3	0	0	0	4	4	4	3	0	0	3	5	5	4	0	0	0	5	10	0	0	5	0
2013-02-15 00:09:16	0	0	0	0	0	0	0	0	0	0	0	3	0	0	0	0	0	0	0	0	10	4	0	0	0	0	5	17	0	0	3	0	8	10	3	5	0	10	4	4	3	4	11	6	0	16	5	5	8	22	0	0	0	0	13	40	5	0	0	23	0	5	0	0	4	5	0	0	0	0	9	0	4	0	0	0	0	3	0	0	0	4	4	4	3	0	0	3	5	5	4	0	0	0	5	10	0	0	5	0
2013-02-21 00:45:45	0	0	0	0	0	0	0	0	0	0	0	3	0	0	0	0	0	0	0	0	10	4	0	0	0	0	5	17	0	0	3	0	8	10	3	5	0	10	4	4	3	4	11	6	0	16	5	5	8	22	0	0	0	0	17	40	5	0	0	23	0	5	0	0	4	5	0	0	0	0	9	0	4	0	0	0	0	3	0	0	0	4	4	4	3	0	0	3	5	5	4	0	0	0	5	10	0	0	5	0
2013-02-21 00:46:47	0	0	0	0	0	0	0	0	0	0	0	3	0	0	0	0	0	0	0	0	10	4	0	0	0	0	5	17	0	0	3	0	8	10	3	5	0	10	4	4	3	4	11	6	0	16	5	5	8	22	0	0	0	0	17	40	5	0	0	23	0	5	0	0	4	5	5	0	0	0	9	0	4	0	0	0	0	3	0	0	0	4	4	4	3	0	0	3	5	5	4	0	0	0	5	10	0	0	5	0
2013-02-21 01:04:18	0	0	0	0	0	0	0	0	0	0	0	3	0	0	0	0	0	0	0	0	10	4	0	0	0	0	5	17	0	0	3	0	8	10	3	5	0	10	4	4	3	4	11	6	0	16	5	5	8	22	0	0	0	0	17	40	5	0	0	23	0	5	0	0	4	5	10	0	0	0	9	0	4	0	0	0	0	3	0	0	0	4	4	4	3	0	0	3	5	5	4	0	0	0	5	10	0	0	5	0
2013-02-21 01:07:33	0	0	0	0	0	0	0	0	0	0	0	3	0	0	0	0	0	0	0	0	10	4	0	0	0	0	5	17	0	0	3	0	8	10	3	5	0	10	4	4	3	4	11	6	0	16	5	5	8	22	0	0	0	0	17	40	5	0	0	23	0	5	0	0	4	5	15	0	0	0	9	0	4	0	0	0	0	3	0	0	0	4	4	4	3	0	0	3	5	5	4	0	0	0	5	10	0	0	5	0
2013-02-21 01:11:29	0	0	0	0	0	0	0	0	0	0	0	3	0	0	0	0	0	0	0	0	10	4	0	0	0	0	5	17	0	0	3	0	8	10	3	5	0	10	4	4	3	4	11	6	0	16	5	5	8	22	0	0	0	0	17	40	5	0	0	23	0	5	0	0	4	5	20	0	0	0	9	0	4	0	0	0	0	3	0	0	0	4	4	4	3	0	0	3	5	5	4	0	0	0	5	10	0	0	5	0
2013-02-21 01:12:20	0	0	0	0	0	0	0	0	0	0	0	3	0	0	0	0	0	0	0	0	10	4	0	0	0	0	5	17	0	0	3	0	8	10	3	5	0	10	4	4	3	4	11	6	0	16	5	5	8	22	0	0	0	0	17	40	5	0	0	23	0	5	0	0	4	10	20	0	0	0	9	0	4	0	0	0	0	3	0	0	0	4	4	4	3	0	0	3	5	5	4	0	0	0	5	10	0	0	5	0
2013-02-21 03:44:02	0	0	0	0	0	0	0	0	0	0	0	3	0	0	0	0	0	0	0	0	10	4	0	0	0	0	5	17	0	0	3	0	8	10	3	5	0	10	4	4	3	4	11	6	0	16	5	5	8	22	0	0	0	0	17	40	5	0	0	23	0	5	0	0	9	10	20	0	0	0	9	0	4	0	0	0	0	3	0	0	0	4	4	4	3	0	0	3	5	5	4	0	0	0	5	10	0	0	5	0
2013-02-21 03:50:12	0	0	0	0	0	0	0	0	0	0	0	3	0	0	0	0	0	0	0	0	10	4	0	0	0	0	5	17	0	0	3	0	8	10	3	5	0	10	4	4	3	4	11	6	0	16	5	5	8	22	0	0	0	0	17	40	8	0	0	23	0	5	0	0	9	10	20	0	0	0	9	0	4	0	0	0	0	3	0	0	0	4	4	4	3	0	0	3	5	5	4	0	0	0	5	10	0	0	5	0
2013-02-21 04:00:28	0	0	0	0	0	0	0	0	0	0	0	3	0	0	0	0	0	0	0	0	10	4	0	0	0	0	5	17	0	0	3	0	8	10	3	5	0	10	4	4	3	4	11	6	0	16	5	5	8	22	0	0	0	0	17	40	8	2	0	23	0	5	0	0	9	10	20	0	0	0	9	0	4	0	0	0	0	3	0	0	0	4	4	4	3	0	0	3	5	5	4	0	0	0	5	10	0	0	5	0
2013-02-22 05:00:14	0	0	0	0	0	0	0	0	0	0	0	3	0	0	0	0	0	0	0	0	10	4	0	0	0	0	5	17	0	0	3	0	8	10	3	5	0	10	4	4	3	4	11	6	0	16	5	5	8	22	0	0	0	0	17	40	8	4	0	23	0	5	0	0	9	10	20	0	0	0	9	0	4	0	0	0	0	3	0	0	0	4	4	4	3	0	0	3	5	5	4	0	0	0	5	10	0	0	5	0
2013-02-22 05:26:50	0	0	0	0	0	0	0	0	0	0	0	3	0	0	0	0	0	0	0	0	10	4	0	0	0	0	5	17	0	0	3	0	8	10	3	5	0	10	4	4	3	4	11	6	0	16	5	5	8	22	0	0	0	0	20	40	8	4	0	23	0	5	0	0	9	10	20	0	0	0	9	0	4	0	0	0	0	3	0	0	0	4	4	4	3	0	0	3	5	5	4	0	0	0	5	10	0	0	5	0
2013-02-22 05:31:48	0	0	0	0	0	0	0	0	0	0	0	3	0	0	0	0	0	0	0	0	10	4	0	0	0	0	5	17	0	0	3	0	8	10	3	5	0	10	4	4	3	4	11	6	0	16	5	5	8	22	0	0	3	0	20	40	8	4	0	23	0	5	0	0	9	10	20	0	0	0	9	0	4	0	0	0	0	3	0	0	0	4	4	4	3	0	0	3	5	5	4	0	0	0	5	10	0	0	5	0
2013-02-22 05:39:09	0	0	0	0	0	0	0	0	0	0	0	3	0	0	0	0	0	0	0	0	10	4	0	0	0	0	5	17	0	0	3	0	8	10	3	5	0	10	4	4	3	4	11	6	0	16	5	5	8	22	0	0	3	0	20	40	8	7	0	23	0	5	0	0	9	10	20	0	0	0	9	0	4	0	0	0	0	3	0	0	0	4	4	4	3	0	0	3	5	5	4	0	0	0	5	10	0	0	5	0
2013-02-22 05:41:03	0	0	0	0	0	0	0	0	0	0	0	3	0	0	0	0	0	0	0	0	10	4	0	0	0	0	5	17	0	0	3	0	8	10	3	5	0	10	4	4	3	4	11	6	0	16	5	5	8	22	0	0	3	0	20	40	8	7	0	27	0	5	0	0	9	10	20	0	0	0	9	0	4	0	0	0	0	3	0	0	0	4	4	4	3	0	0	3	5	5	4	0	0	0	5	10	0	0	5	0
2013-02-24 11:47:05	0	0	0	0	0	0	0	0	0	0	0	3	0	0	0	0	0	0	0	0	10	4	0	0	0	0	5	17	0	0	3	0	8	10	3	5	0	10	4	4	3	4	11	6	0	16	5	5	8	22	0	0	3	4	20	40	8	7	0	27	0	5	0	0	9	10	20	0	0	0	9	0	4	0	0	0	0	3	0	0	0	4	4	4	3	0	0	3	5	5	4	0	0	0	5	10	0	0	5	0
2013-02-24 11:49:11	0	0	0	0	0	0	0	0	0	0	0	3	0	0	0	0	0	0	0	0	10	4	0	0	0	0	5	17	0	0	3	0	8	10	3	5	0	10	4	4	3	4	11	6	0	16	5	5	8	22	0	0	3	4	20	40	8	7	0	27	0	5	0	0	9	10	25	0	0	0	9	0	4	0	0	0	0	3	0	0	0	4	4	4	3	0	0	3	5	5	4	0	0	0	5	10	0	0	5	0
2013-02-24 11:51:13	0	0	0	0	0	0	0	0	0	0	0	3	0	0	0	0	0	0	0	0	10	4	0	0	0	0	5	17	0	0	3	0	8	10	3	5	0	10	4	4	3	4	11	6	0	16	5	5	8	22	0	0	3	4	20	40	8	7	0	27	0	5	0	0	9	10	30	0	0	0	9	0	4	0	0	0	0	3	0	0	0	4	4	4	3	0	0	3	5	5	4	0	0	0	5	10	0	0	5	0
2013-02-24 11:54:08	0	0	0	0	0	0	0	0	0	0	0	3	0	0	0	0	0	0	0	0	10	4	0	0	0	0	5	17	0	0	3	0	8	10	3	5	0	10	4	4	3	4	11	6	0	16	5	5	8	22	0	0	3	4	20	40	11	7	0	27	0	5	0	0	9	10	30	0	0	0	9	0	4	0	0	0	0	3	0	0	0	4	4	4	3	0	0	3	5	5	4	0	0	0	5	10	0	0	5	0
2013-02-24 11:55:19	0	0	0	0	0	0	0	0	0	0	0	3	0	0	0	0	0	0	0	0	10	4	0	0	0	0	5	17	0	0	3	0	8	10	3	5	0	10	4	4	3	4	11	6	0	16	5	5	8	24	0	0	3	4	20	40	11	7	0	27	0	5	0	0	9	10	30	0	0	0	9	0	4	0	0	0	0	3	0	0	0	4	4	4	3	0	0	3	5	5	4	0	0	0	5	10	0	0	5	0
2013-02-24 12:08:02	0	0	0	0	0	0	0	0	0	0	0	3	0	0	0	0	0	0	0	0	10	4	0	0	0	0	5	17	0	0	3	0	8	10	3	5	0	10	4	4	3	4	11	6	0	16	5	5	8	24	0	0	3	4	20	40	11	7	0	27	0	5	0	0	9	10	30	0	0	0	9	0	4	0	0	0	0	3	0	0	0	4	4	4	3	0	0	3	5	5	4	0	0	0	9	10	0	0	5	0
2013-02-24 12:12:28	0	0	0	0	0	0	0	0	0	0	0	3	0	0	0	0	0	0	0	0	10	4	0	0	0	0	5	17	0	0	3	0	8	10	3	5	0	10	4	4	3	4	11	6	0	16	5	5	8	24	0	0	3	4	20	40	11	7	0	27	0	5	0	0	14	10	30	0	0	0	9	0	4	0	0	0	0	3	0	0	0	4	4	4	3	0	0	3	5	5	4	0	0	0	9	10	0	0	5	0
2013-02-24 12:15:45	0	0	0	0	0	0	0	0	0	0	0	3	0	0	0	0	0	0	0	0	10	4	0	0	0	0	5	17	0	0	3	0	8	10	3	5	0	10	4	4	3	4	11	6	0	16	5	5	8	24	0	0	3	4	20	40	11	7	0	27	0	5	5	0	14	10	30	0	0	0	9	0	4	0	0	0	0	3	0	0	0	4	4	4	3	0	0	3	5	5	4	0	0	0	9	10	0	0	5	0
2013-02-24 12:17:45	0	0	0	0	0	0	0	0	0	0	0	3	0	0	0	0	0	0	0	0	10	4	0	0	0	0	5	17	0	0	3	0	8	10	3	5	0	10	4	4	3	4	11	6	0	16	5	5	8	24	0	0	3	4	20	40	11	7	0	27	0	5	5	0	14	15	30	0	0	0	9	0	4	0	0	0	0	3	0	0	0	4	4	4	3	0	0	3	5	5	4	0	0	0	9	10	0	0	5	0
2013-02-24 12:23:08	0	0	0	0	0	0	0	0	0	0	0	3	0	0	0	0	0	0	0	0	10	4	0	0	0	0	5	17	0	0	3	0	8	10	3	5	0	10	4	4	3	4	11	6	0	16	5	5	8	24	0	0	3	4	20	40	11	7	0	27	0	5	5	0	14	15	30	0	0	0	9	0	4	0	0	0	0	3	0	0	0	4	4	4	3	0	0	3	5	5	4	0	0	0	9	14	0	0	5	0
2013-02-24 12:28:00	0	0	0	0	0	0	0	0	0	0	0	3	0	0	0	0	0	0	0	0	10	4	0	0	0	0	5	17	0	0	3	0	8	10	3	5	0	10	4	4	3	4	11	6	0	16	5	5	8	24	0	0	3	4	20	40	11	7	0	27	0	5	5	0	14	20	30	0	0	0	9	0	4	0	0	0	0	3	0	0	0	4	4	4	3	0	0	3	5	5	4	0	0	0	9	14	0	0	5	0
2013-02-24 12:37:20	0	0	0	0	0	0	0	0	0	0	0	3	0	0	0	0	0	0	0	0	10	4	0	0	0	0	5	17	0	0	3	0	8	10	3	5	0	10	4	4	3	4	11	6	0	16	5	5	8	24	0	0	3	4	20	40	11	7	0	27	0	10	5	0	14	20	30	0	0	0	9	0	4	0	0	0	0	3	0	0	0	4	4	4	3	0	0	3	5	5	4	0	0	0	9	14	0	0	5	0
2013-02-24 12:55:19	0	0	0	0	0	0	0	0	0	0	0	3	0	0	0	0	0	0	0	0	10	4	0	0	0	0	5	17	0	0	3	0	8	10	3	5	0	10	4	4	3	4	11	6	0	16	5	5	8	24	0	0	3	4	20	40	11	7	0	27	0	10	5	0	14	25	30	0	0	0	9	0	4	0	0	0	0	3	0	0	0	4	4	4	3	0	0	3	5	5	4	0	0	0	9	14	0	0	5	0
2013-02-24 13:46:48	0	0	0	0	0	0	0	0	0	0	0	3	0	0	0	0	0	0	0	0	10	4	0	0	0	0	5	17	0	0	3	0	8	10	3	5	0	10	4	4	3	4	11	6	0	16	5	5	8	24	0	0	3	4	20	40	11	7	0	27	0	10	5	0	14	25	30	0	0	0	9	0	4	0	0	0	0	3	0	0	0	4	4	4	3	0	0	3	5	5	4	0	0	0	9	14	4	0	5	0
2013-02-24 15:59:47	0	0	0	0	0	0	0	0	0	0	0	3	0	0	0	0	0	0	0	0	10	4	0	0	0	0	5	17	0	0	3	0	8	10	3	5	0	10	4	4	3	4	11	6	0	16	5	5	8	24	0	0	3	4	20	40	11	7	0	27	0	10	5	0	14	25	35	0	0	0	9	0	4	0	0	0	0	3	0	0	0	4	4	4	3	0	0	3	5	5	4	0	0	0	9	14	4	0	5	0
2013-02-24 16:15:24	0	0	0	0	0	0	0	0	0	0	0	3	0	0	0	0	0	0	0	0	10	4	0	0	0	0	5	17	0	0	3	0	8	10	3	5	0	10	4	4	3	4	11	6	0	16	5	5	8	24	0	0	3	4	20	40	11	7	0	27	0	10	5	0	14	25	40	0	0	0	9	0	4	0	0	0	0	3	0	0	0	4	4	4	3	0	0	3	5	5	4	0	0	0	9	14	4	0	5	0
2013-02-24 22:34:02	0	0	0	0	0	0	0	0	0	0	0	3	0	0	0	0	0	0	0	0	10	4	0	0	0	0	5	17	0	0	3	0	8	10	3	5	0	10	4	4	3	4	11	6	0	16	5	5	8	24	0	0	3	4	20	40	11	7	0	27	0	10	5	0	14	25	40	0	4	0	9	0	4	0	0	0	0	3	0	0	0	4	4	4	3	0	0	3	5	5	4	0	0	0	9	14	4	0	5	0
2013-02-24 22:39:27	0	0	0	0	0	0	0	0	0	0	0	3	0	0	0	0	0	0	0	0	10	4	0	0	0	0	5	17	0	0	3	0	8	10	3	5	0	10	4	4	3	4	11	6	0	16	5	5	8	24	0	0	3	4	20	40	11	7	0	27	0	10	5	0	14	25	40	0	4	0	9	0	4	0	0	0	0	3	0	0	0	4	4	4	3	0	0	3	5	5	4	0	0	0	12	14	4	0	5	0
2013-02-24 22:53:10	0	0	0	0	0	0	0	0	0	0	0	3	0	0	0	0	0	0	0	0	10	4	0	0	0	0	5	17	0	0	3	0	8	10	3	5	0	10	4	4	3	4	11	6	0	16	5	5	8	24	0	0	3	4	20	40	11	7	0	27	0	10	5	0	14	25	40	0	4	0	9	0	4	0	0	0	0	3	0	0	0	4	4	4	3	0	0	3	5	5	4	0	0	0	12	19	4	0	5	0
2013-02-24 22:57:42	0	0	0	0	0	0	0	0	0	0	0	3	0	0	0	0	0	0	0	0	10	4	0	0	0	0	5	17	0	0	3	0	8	10	3	5	0	10	4	4	3	4	11	6	0	16	5	5	8	24	0	0	3	4	20	40	11	7	0	27	0	10	5	0	14	25	40	5	4	0	9	0	4	0	0	0	0	3	0	0	0	4	4	4	3	0	0	3	5	5	4	0	0	0	12	19	4	0	5	0
2013-02-24 23:12:06	0	0	0	0	0	0	0	0	0	0	0	3	0	0	0	0	0	0	0	0	10	4	0	0	0	0	5	17	0	0	3	0	8	10	3	5	0	10	4	4	3	4	11	6	0	16	5	5	8	24	0	0	3	4	20	40	11	7	0	27	0	10	5	0	14	25	40	5	4	0	9	0	4	0	0	0	0	3	0	0	0	4	4	4	3	0	0	3	5	5	4	0	4	0	12	19	4	0	5	0
2013-02-24 23:20:10	0	0	0	0	0	0	0	0	0	0	0	3	0	0	0	0	0	0	0	0	10	4	0	0	0	0	5	17	0	0	3	0	8	10	3	5	0	10	4	4	3	4	11	6	0	16	5	5	8	24	0	0	3	4	20	40	11	7	0	27	0	10	5	0	14	25	40	5	4	0	9	0	4	0	0	0	0	3	0	0	0	4	4	4	3	0	0	3	5	5	4	0	4	0	12	19	4	5	5	0
2013-02-24 23:26:08	0	0	0	0	0	0	0	0	0	0	0	3	0	0	0	0	0	0	0	0	10	4	0	0	0	0	5	17	0	0	3	0	8	10	3	5	0	10	4	4	3	4	11	6	0	16	5	5	8	24	0	0	3	4	20	40	11	7	0	27	0	10	5	0	14	25	40	5	4	0	9	0	4	0	0	0	0	3	0	0	0	4	4	4	3	0	0	3	5	5	4	0	4	0	16	19	4	5	5	0
2013-02-24 23:35:28	0	0	0	0	0	0	0	0	0	0	0	3	0	0	0	0	0	0	0	0	10	4	0	0	0	0	5	17	0	0	3	0	8	10	3	5	0	10	4	4	3	4	11	6	0	16	5	5	8	24	0	0	3	4	20	40	11	7	0	27	0	10	5	0	14	25	40	5	4	5	9	0	4	0	0	0	0	3	0	0	0	4	4	4	3	0	0	3	5	5	4	0	4	0	16	19	4	5	5	0
2013-02-24 23:51:07	0	0	0	0	0	0	0	0	0	0	0	3	0	0	0	0	0	0	0	0	10	4	0	0	0	0	5	17	0	0	3	0	8	10	3	5	0	10	4	4	3	4	11	6	0	16	5	5	8	24	0	0	3	4	20	40	11	7	0	27	0	10	5	0	14	25	40	5	4	5	9	0	4	0	0	0	0	3	0	0	0	4	4	4	3	0	0	3	5	5	4	0	4	0	16	19	9	5	5	0
2013-02-25 00:00:17	0	0	0	0	0	0	0	0	0	0	0	3	0	0	0	0	0	0	0	0	10	4	0	0	0	0	5	17	0	0	3	0	8	10	3	5	0	10	4	4	3	4	11	6	0	16	5	5	8	24	0	0	3	4	20	40	11	7	0	27	0	10	5	0	14	25	40	5	4	5	9	0	4	0	0	0	0	3	0	0	0	4	4	4	3	0	0	3	5	5	4	0	4	0	16	19	13	5	5	0
2013-02-25 00:34:55	0	0	0	0	0	0	0	0	0	0	0	3	0	0	0	0	0	0	0	0	10	4	0	0	0	0	5	17	0	0	3	0	8	10	3	5	0	10	4	4	3	4	11	6	0	16	5	5	8	24	0	0	3	4	20	40	11	7	0	27	0	10	5	0	14	25	40	5	4	5	9	0	4	0	0	0	0	3	0	0	0	4	4	4	3	0	0	3	5	5	4	0	4	0	16	19	13	5	9	0
2013-02-25 01:33:29	0	0	0	0	0	0	0	0	0	0	0	3	0	0	0	0	0	0	0	0	10	4	0	0	0	0	5	17	0	0	3	0	8	10	3	5	0	10	4	4	3	4	11	6	0	16	5	5	8	24	0	0	3	4	20	40	11	7	0	27	0	10	5	0	14	25	40	5	4	5	9	0	4	0	0	0	0	3	0	0	0	4	4	4	3	0	0	3	5	5	4	0	8	0	16	19	13	5	9	0
2013-02-25 01:36:31	0	0	0	0	0	0	0	0	0	0	0	3	0	0	0	0	0	0	0	0	10	4	0	0	0	0	5	17	0	0	3	0	8	10	3	5	0	10	4	4	3	4	11	6	0	16	5	5	8	24	0	0	3	4	20	40	11	7	0	27	0	10	5	0	14	25	40	5	4	5	9	0	4	0	0	0	0	3	0	0	0	4	4	4	3	0	0	3	5	5	8	0	8	0	16	19	13	5	9	0
2013-02-25 01:43:02	0	0	0	0	0	0	0	0	0	0	0	3	0	0	0	0	0	0	0	0	10	4	0	0	0	0	5	17	0	0	3	0	8	10	3	5	0	10	4	4	3	4	11	6	0	16	5	5	8	28	0	0	3	4	20	40	11	7	0	27	0	10	5	0	14	25	40	5	4	5	9	0	4	0	0	0	0	3	0	0	0	4	4	4	3	0	0	3	5	5	8	0	8	0	16	19	13	5	9	0
2013-02-25 01:45:52	0	0	0	0	0	0	0	0	0	0	0	3	0	0	0	0	0	0	0	0	10	4	0	0	0	0	5	17	0	0	3	0	8	10	3	5	0	10	4	4	3	4	11	6	0	16	9	5	8	28	0	0	3	4	20	40	11	7	0	27	0	10	5	0	14	25	40	5	4	5	9	0	4	0	0	0	0	3	0	0	0	4	4	4	3	0	0	3	5	5	8	0	8	0	16	19	13	5	9	0
2013-02-25 01:50:01	0	0	0	0	0	0	0	0	0	0	0	3	0	0	0	0	0	0	0	0	10	4	0	0	0	0	5	17	0	0	3	0	8	10	3	5	0	10	4	4	3	4	11	6	0	21	9	5	8	28	0	0	3	4	20	40	11	7	0	27	0	10	5	0	14	25	40	5	4	5	9	0	4	0	0	0	0	3	0	0	0	4	4	4	3	0	0	3	5	5	8	0	8	0	16	19	13	5	9	0
2013-02-25 01:51:55	0	0	0	0	0	0	0	0	0	0	0	3	0	0	0	0	0	0	0	0	10	4	0	0	0	0	5	17	0	0	3	0	8	10	3	5	0	10	4	4	3	4	11	6	0	21	9	8	8	28	0	0	3	4	20	40	11	7	0	27	0	10	5	0	14	25	40	5	4	5	9	0	4	0	0	0	0	3	0	0	0	4	4	4	3	0	0	3	5	5	8	0	8	0	16	19	13	5	9	0
2013-02-27 12:41:17	0	0	0	0	0	0	0	0	0	0	0	3	0	0	0	0	0	0	0	0	10	4	0	0	0	0	5	17	0	0	3	0	8	10	3	5	0	10	4	4	3	4	11	6	0	21	9	11	8	28	0	0	3	4	20	40	11	7	0	27	0	10	5	0	14	25	40	5	4	5	9	0	4	0	0	0	0	3	0	0	0	4	4	4	3	0	0	3	5	5	8	0	8	0	16	19	13	5	9	0
2013-02-27 15:43:01	0	0	0	0	0	0	0	0	0	0	0	3	0	0	0	0	0	0	0	0	10	4	0	0	0	0	5	17	0	0	3	0	8	10	3	5	0	10	4	4	3	4	11	10	0	21	9	11	8	28	0	0	3	4	20	40	11	7	0	27	0	10	5	0	14	25	40	5	4	5	9	0	4	0	0	0	0	3	0	0	0	4	4	4	3	0	0	3	5	5	8	0	8	0	16	19	13	5	9	0
2013-02-27 15:50:38	0	0	0	0	0	0	0	0	0	0	0	3	0	0	0	0	0	0	0	0	10	4	0	0	0	0	5	17	0	0	3	0	8	10	4	5	0	10	4	4	3	4	11	10	0	21	9	11	8	28	0	0	3	4	20	40	11	7	0	27	0	10	5	0	14	25	40	5	4	5	9	0	4	0	0	0	0	3	0	0	0	4	4	4	3	0	0	3	5	5	8	0	8	0	16	19	13	5	9	0
2013-02-27 22:16:44	0	0	0	0	0	0	0	0	0	0	0	3	0	0	0	0	0	0	0	0	10	4	0	0	0	0	5	17	0	0	3	0	8	10	4	5	0	10	4	5	3	4	11	10	0	21	9	11	8	28	0	0	3	4	20	40	11	7	0	27	0	10	5	0	14	25	40	5	4	5	9	0	4	0	0	0	0	3	0	0	0	4	4	4	3	0	0	3	5	5	8	0	8	0	16	19	13	5	9	0
2013-02-27 22:21:25	0	0	0	0	0	0	0	0	0	0	0	3	0	0	0	0	0	0	0	0	10	4	0	0	0	0	5	17	0	0	3	0	8	10	4	5	0	10	4	5	3	4	11	10	0	21	9	11	8	28	0	0	3	4	20	40	11	7	0	27	0	10	5	0	14	25	40	5	4	5	9	0	4	0	0	0	0	3	0	0	0	4	4	4	4	0	0	3	5	5	8	0	8	0	16	19	13	5	9	0
2013-03-03 23:31:16	0	0	0	0	0	0	0	0	0	0	0	3	0	0	0	0	0	0	0	0	10	4	0	0	0	0	5	17	0	0	3	0	8	10	4	5	0	10	4	5	3	4	11	10	0	21	9	11	8	28	0	0	3	4	20	40	11	7	0	27	0	10	5	0	19	25	40	5	4	5	9	0	4	0	0	0	0	3	0	0	0	4	4	4	4	0	0	3	5	5	8	0	8	0	16	19	13	5	9	0
2013-03-04 02:50:32	0	0	0	0	0	0	0	0	0	0	0	3	0	0	0	0	0	0	0	0	10	4	0	0	0	0	5	17	0	0	3	0	8	14	4	5	0	10	4	5	3	4	11	10	0	21	9	11	8	28	0	0	3	4	20	40	11	7	0	27	0	10	5	0	19	25	40	5	4	5	9	0	4	0	0	0	0	3	0	0	0	4	4	4	4	0	0	3	5	5	8	0	8	0	16	19	13	5	9	0
2013-03-04 22:57:47	0	0	0	0	0	0	0	0	0	0	0	3	0	0	0	0	0	0	0	0	10	4	0	0	0	0	5	17	0	0	3	0	8	14	4	5	0	10	4	5	3	4	11	10	0	21	9	11	8	28	0	0	3	4	20	40	11	7	0	27	0	10	5	0	19	25	40	5	4	5	9	0	4	0	0	0	0	3	0	0	0	4	4	4	4	0	0	3	5	5	8	0	8	4	16	19	13	5	9	0
2013-03-05 01:02:32	0	0	0	0	0	0	0	0	0	0	0	3	0	0	0	0	0	0	0	0	10	4	0	0	0	0	5	17	0	0	3	0	8	14	4	5	0	10	4	5	3	4	11	10	0	21	9	11	8	28	0	0	3	4	20	40	11	7	0	27	0	10	5	0	19	25	40	5	4	5	9	0	4	0	0	0	0	3	0	0	0	4	4	4	4	0	0	3	5	5	8	0	8	8	16	19	13	5	9	0
2013-03-05 01:09:40	0	0	0	0	0	0	0	0	0	0	0	3	0	0	0	0	0	0	0	0	10	4	0	0	0	0	5	17	0	0	3	0	8	14	4	5	0	10	4	5	3	4	11	10	0	21	9	11	8	28	0	0	3	4	20	40	11	7	0	27	0	10	5	0	19	25	40	5	4	5	9	0	4	0	0	0	0	3	0	0	0	4	4	4	4	0	0	3	5	5	8	0	8	8	16	19	13	5	13	0
2013-03-05 01:21:01	0	0	0	0	0	0	0	0	0	0	0	3	0	0	0	0	0	0	0	0	10	4	0	0	0	0	5	17	0	0	3	0	8	14	4	5	0	10	4	5	3	4	11	10	0	21	9	11	8	28	0	0	3	4	20	40	11	7	0	27	0	10	5	0	19	25	40	5	4	5	9	0	4	0	0	0	0	3	0	0	0	4	4	4	4	0	0	3	5	5	8	0	8	8	16	19	17	5	13	0
2013-03-10 15:55:11	0	0	0	0	0	0	0	0	0	0	0	3	0	0	0	0	0	0	0	0	10	4	0	0	0	0	5	17	0	0	3	0	8	14	4	5	0	10	4	5	3	4	11	10	0	21	9	11	8	28	0	0	3	4	20	40	11	7	0	27	0	10	5	0	19	25	40	5	4	5	9	0	4	0	0	0	0	3	0	0	0	4	4	4	4	0	0	3	5	5	8	0	8	13	16	19	17	5	13	0
2013-03-10 18:50:54	0	0	0	0	0	0	0	0	0	0	0	3	0	0	0	0	0	0	0	0	10	4	0	0	0	0	5	22	0	0	3	0	8	14	4	5	0	10	4	5	3	4	11	10	0	21	9	11	8	28	0	0	3	4	20	40	11	7	0	27	0	10	5	0	19	25	40	5	4	5	9	0	4	0	0	0	0	3	0	0	0	4	4	4	4	0	0	3	5	5	8	0	8	13	16	19	17	5	13	0
2013-03-10 18:52:48	0	0	0	0	0	0	0	0	0	0	0	3	0	0	0	0	0	0	0	0	10	4	0	0	0	0	5	22	0	0	3	0	8	17	4	5	0	10	4	5	3	4	11	10	0	21	9	11	8	28	0	0	3	4	20	40	11	7	0	27	0	10	5	0	19	25	40	5	4	5	9	0	4	0	0	0	0	3	0	0	0	4	4	4	4	0	0	3	5	5	8	0	8	13	16	19	17	5	13	0
2013-03-10 19:37:04	0	0	0	0	0	0	0	0	0	0	0	3	0	0	0	0	0	0	0	0	10	4	0	0	0	0	5	22	0	0	3	0	10	17	4	5	0	10	4	5	3	4	11	10	0	21	9	11	8	28	0	0	3	4	20	40	11	7	0	27	0	10	5	0	19	25	40	5	4	5	9	0	4	0	0	0	0	3	0	0	0	4	4	4	4	0	0	3	5	5	8	0	8	13	16	19	17	5	13	0
2013-03-10 19:52:36	0	0	0	0	0	0	0	0	0	0	0	3	0	0	0	0	0	0	0	0	10	4	0	0	0	0	5	22	0	0	3	0	10	17	4	5	0	10	4	5	3	4	11	10	0	21	9	11	8	28	0	0	3	4	20	40	11	7	0	27	0	10	5	0	19	25	40	5	4	5	9	0	9	0	0	0	0	3	0	0	0	4	4	4	4	0	0	3	5	5	8	0	8	13	16	19	17	5	13	0
2013-03-10 19:59:03	0	0	0	0	0	0	0	0	0	0	0	3	0	0	0	0	0	0	0	0	10	4	0	0	0	0	5	22	0	0	3	0	10	17	4	5	0	10	4	5	3	4	11	10	0	21	9	11	8	28	0	0	3	4	20	40	11	7	0	27	0	10	5	0	19	25	40	5	4	5	9	0	9	0	0	0	4	3	0	0	0	4	4	4	4	0	0	3	5	5	8	0	8	13	16	19	17	5	13	0
2013-03-10 20:40:07	0	0	0	0	0	0	0	0	0	0	0	3	0	0	0	0	0	0	0	0	10	4	0	0	0	0	5	22	0	0	3	0	10	17	4	5	0	10	4	5	3	4	11	10	0	21	9	11	8	28	0	0	3	4	20	40	11	7	0	27	0	10	5	0	19	25	40	5	4	5	9	0	9	0	0	0	8	3	0	0	0	4	4	4	4	0	0	3	5	5	8	0	8	13	16	19	17	5	13	0
2013-03-11 04:28:23	0	0	0	0	0	0	0	0	0	0	0	3	0	0	0	0	0	0	0	0	10	4	0	0	0	0	5	22	0	0	3	0	10	17	4	5	0	10	4	5	3	4	11	10	0	21	9	11	8	28	0	0	3	4	20	40	11	7	0	27	0	10	5	0	19	25	40	5	4	5	9	0	9	0	4	0	8	3	0	0	0	4	4	4	4	0	0	3	5	5	8	0	8	13	16	19	17	5	13	0
2013-03-11 04:32:06	0	0	0	0	0	0	0	0	0	0	0	3	0	0	0	0	0	0	0	0	10	4	0	0	0	0	5	22	0	0	3	0	10	17	4	5	0	10	4	5	3	4	11	10	0	21	9	11	8	28	0	0	3	4	20	40	11	7	0	29	0	10	5	0	19	25	40	5	4	5	9	0	9	0	4	0	8	3	0	0	0	4	4	4	4	0	0	3	5	5	8	0	8	13	16	19	17	5	13	0
2013-03-11 04:43:46	0	0	0	0	0	0	0	0	0	0	0	3	0	0	0	0	0	0	0	0	10	4	0	0	0	0	5	22	0	0	3	0	10	17	4	5	0	10	4	5	3	4	11	10	0	21	9	11	8	28	0	0	3	4	20	40	11	10	0	29	0	10	5	0	19	25	40	5	4	5	9	0	9	0	4	0	8	3	0	0	0	4	4	4	4	0	0	3	5	5	8	0	8	13	16	19	17	5	13	0
2013-03-11 04:46:50	0	0	0	0	0	0	0	0	0	0	0	3	0	0	0	0	0	0	0	0	10	4	0	0	0	0	5	22	0	0	3	0	10	17	4	5	0	10	4	5	3	4	11	10	0	21	9	11	8	28	0	0	3	4	20	40	11	13	0	29	0	10	5	0	19	25	40	5	4	5	9	0	9	0	4	0	8	3	0	0	0	4	4	4	4	0	0	3	5	5	8	0	8	13	16	19	17	5	13	0
2013-03-11 04:52:37	0	0	0	0	0	0	0	0	0	0	0	3	0	0	0	0	0	0	0	0	10	4	0	0	0	0	5	22	0	0	3	0	10	17	4	5	0	10	4	5	3	4	11	10	0	21	9	11	8	28	0	0	3	4	20	40	11	15	0	29	0	10	5	0	19	25	40	5	4	5	9	0	9	0	4	0	8	3	0	0	0	4	4	4	4	0	0	3	5	5	8	0	8	13	16	19	17	5	13	0
2013-03-11 04:56:19	0	0	0	0	0	0	0	0	0	0	0	3	0	0	0	0	0	0	0	0	10	4	0	0	0	0	5	22	0	0	3	0	10	17	4	5	0	10	4	5	3	4	11	10	0	21	9	11	8	28	0	0	7	4	20	40	11	15	0	29	0	10	5	0	19	25	40	5	4	5	9	0	9	0	4	0	8	3	0	0	0	4	4	4	4	0	0	3	5	5	8	0	8	13	16	19	17	5	13	0
2013-03-11 05:04:37	0	0	0	0	0	0	0	0	0	0	0	3	0	0	0	0	0	0	0	0	10	4	0	0	0	0	5	22	0	0	3	0	10	17	4	5	0	10	4	5	3	4	11	10	0	21	9	11	8	28	0	0	7	4	20	40	11	18	0	29	0	10	5	0	19	25	40	5	4	5	9	0	9	0	4	0	8	3	0	0	0	4	4	4	4	0	0	3	5	5	8	0	8	13	16	19	17	5	13	0
2013-03-11 05:07:26	0	0	0	0	0	0	0	0	0	0	0	3	0	0	0	0	0	0	0	0	10	4	0	0	0	0	5	22	0	0	3	0	10	17	4	5	0	10	4	5	3	4	11	10	0	21	9	11	8	28	0	0	7	4	20	40	14	18	0	29	0	10	5	0	19	25	40	5	4	5	9	0	9	0	4	0	8	3	0	0	0	4	4	4	4	0	0	3	5	5	8	0	8	13	16	19	17	5	13	0
2013-03-11 20:04:34	0	0	0	0	0	0	0	0	0	0	0	3	0	0	0	0	0	0	0	0	10	4	0	0	0	0	5	22	0	0	3	0	10	17	4	5	0	10	4	5	3	4	11	10	0	21	9	11	8	28	0	0	7	4	20	40	14	21	0	29	0	10	5	0	19	25	40	5	4	5	9	0	9	0	4	0	8	3	0	0	0	4	4	4	4	0	0	3	5	5	8	0	8	13	16	19	17	5	13	0
2013-03-11 20:13:33	0	0	0	0	0	0	0	0	0	0	0	3	0	0	0	0	0	0	0	0	10	4	0	0	0	0	5	22	0	0	3	0	10	17	4	5	3	10	4	5	3	4	11	10	0	21	9	11	8	28	0	0	7	4	20	40	14	21	0	29	0	10	5	0	19	25	40	5	4	5	9	0	9	0	4	0	8	3	0	0	0	4	4	4	4	0	0	3	5	5	8	0	8	13	16	19	17	5	13	0
2013-03-11 20:15:04	0	0	0	0	0	0	0	0	0	0	0	3	0	0	0	0	0	0	0	0	10	4	0	0	0	0	5	22	0	0	3	0	10	21	4	5	3	10	4	5	3	4	11	10	0	21	9	11	8	28	0	0	7	4	20	40	14	21	0	29	0	10	5	0	19	25	40	5	4	5	9	0	9	0	4	0	8	3	0	0	0	4	4	4	4	0	0	3	5	5	8	0	8	13	16	19	17	5	13	0
2013-03-11 20:18:30	0	0	0	0	0	0	0	0	0	0	0	3	0	0	0	0	0	0	0	0	10	4	0	0	0	0	5	22	0	0	3	0	10	21	4	5	3	12	4	5	3	4	11	10	0	21	9	11	8	28	0	0	7	4	20	40	14	21	0	29	0	10	5	0	19	25	40	5	4	5	9	0	9	0	4	0	8	3	0	0	0	4	4	4	4	0	0	3	5	5	8	0	8	13	16	19	17	5	13	0
2013-03-11 20:30:55	0	0	0	0	0	0	0	0	0	0	0	3	0	0	0	0	0	0	0	0	10	4	0	0	0	0	5	22	0	0	3	0	10	21	5	5	3	12	4	5	3	4	11	10	0	21	9	11	8	28	0	0	7	4	20	40	14	21	0	29	0	10	5	0	19	25	40	5	4	5	9	0	9	0	4	0	8	3	0	0	0	4	4	4	4	0	0	3	5	5	8	0	8	13	16	19	17	5	13	0
2013-03-11 22:36:58	0	0	0	0	0	0	0	0	0	0	0	3	0	0	0	0	0	0	0	0	10	4	0	0	0	0	5	22	0	0	3	0	10	25	5	5	3	12	4	5	3	4	11	10	0	21	9	11	8	28	0	0	7	4	20	40	14	21	0	29	0	10	5	0	19	25	40	5	4	5	9	0	9	0	4	0	8	3	0	0	0	4	4	4	4	0	0	3	5	5	8	0	8	13	16	19	17	5	13	0
2013-03-11 22:40:07	0	0	0	0	0	0	0	0	0	0	0	3	0	0	0	0	0	0	0	0	10	4	0	0	0	0	5	27	0	0	3	0	10	25	5	5	3	12	4	5	3	4	11	10	0	21	9	11	8	28	0	0	7	4	20	40	14	21	0	29	0	10	5	0	19	25	40	5	4	5	9	0	9	0	4	0	8	3	0	0	0	4	4	4	4	0	0	3	5	5	8	0	8	13	16	19	17	5	13	0
2013-03-11 22:46:43	0	0	0	0	0	0	0	0	0	0	0	3	0	0	0	0	0	0	0	0	10	4	0	0	0	0	5	27	0	0	3	0	10	25	5	5	3	12	4	5	3	4	11	10	0	21	9	11	8	28	0	0	7	4	20	40	14	21	0	29	0	10	5	0	19	25	40	5	4	5	9	0	9	0	4	0	8	3	0	0	0	4	4	4	4	0	0	3	5	5	8	0	8	13	16	19	17	5	13	0
2013-03-11 22:47:05	0	0	0	0	0	0	0	0	0	0	0	3	0	0	0	0	0	0	0	0	10	4	0	0	0	0	5	27	0	0	3	0	10	25	5	5	3	12	4	5	3	4	11	10	0	21	9	11	8	28	0	0	7	4	20	40	14	21	0	29	0	10	5	0	19	25	40	5	4	5	9	0	9	0	4	2	8	3	0	0	0	4	4	4	4	0	0	3	5	5	8	0	8	13	16	19	17	5	13	0
2013-03-11 23:10:58	0	0	0	0	0	0	0	0	0	0	0	3	0	0	0	0	0	0	0	0	10	4	0	0	0	0	5	27	0	0	3	0	10	25	5	5	3	12	4	5	3	4	11	10	0	21	9	11	8	28	0	0	7	4	20	40	14	21	0	29	0	10	5	0	19	25	40	5	4	5	9	0	9	0	4	2	8	3	0	0	0	4	4	4	4	0	0	3	5	5	8	0	8	13	16	19	17	5	13	0
2013-03-12 00:23:00	0	0	0	0	0	0	0	0	0	0	0	3	0	0	0	0	0	0	0	0	10	4	0	0	0	1	5	27	0	0	3	0	10	25	5	5	3	12	4	5	3	4	11	10	0	21	9	11	8	28	0	0	7	4	20	40	14	21	0	29	0	10	5	0	19	25	40	5	4	5	9	0	9	0	4	2	8	3	0	0	0	4	4	4	4	0	0	3	5	5	8	0	8	13	16	19	17	5	13	0
2013-03-12 00:46:39	0	0	0	0	0	0	0	0	0	0	0	3	0	0	0	0	0	0	0	0	10	4	0	0	0	1	5	27	0	0	3	0	11	25	5	5	3	12	4	5	3	4	11	10	0	21	9	11	8	28	0	0	7	4	20	40	14	21	0	29	0	10	5	0	19	25	40	5	4	5	9	0	9	0	4	2	8	3	0	0	0	4	4	4	4	0	0	3	5	5	8	0	8	13	16	19	17	5	13	0
2013-03-13 03:11:10	5	0	0	0	0	0	0	0	0	0	0	3	0	0	0	0	0	0	0	0	10	4	0	0	0	1	5	27	0	0	3	0	11	25	5	5	3	12	4	5	3	4	11	10	0	21	9	11	8	28	0	0	7	4	20	40	14	21	0	29	0	10	5	0	19	25	40	5	4	5	9	0	9	0	4	2	8	3	0	0	0	4	4	4	4	0	0	3	5	5	8	0	8	13	16	19	17	5	13	0
2013-03-13 23:30:09	5	0	0	0	0	0	0	0	0	0	0	3	0	0	0	0	0	0	0	0	10	4	0	0	0	1	5	27	0	0	3	0	11	25	5	5	3	12	4	5	3	4	11	10	0	21	9	11	8	28	0	0	7	4	20	40	14	21	0	29	0	10	5	0	19	25	40	5	4	5	9	0	9	0	4	2	8	3	0	0	0	4	4	4	4	0	0	3	5	5	8	0	13	13	16	19	17	5	13	0
2013-03-13 23:32:08	5	0	0	0	0	0	0	0	0	0	0	3	0	0	0	0	0	0	0	0	10	4	0	0	0	1	5	27	0	0	3	0	12	25	5	5	3	12	4	5	3	4	11	10	0	21	9	11	8	28	0	0	7	4	20	40	14	21	0	29	0	10	5	0	19	25	40	5	4	5	9	0	9	0	4	2	8	3	0	0	0	4	4	4	4	0	0	3	5	5	8	0	13	13	16	19	17	5	13	0
2013-03-13 23:34:07	5	0	0	0	0	0	0	0	0	0	0	3	0	0	0	0	0	0	0	0	10	4	0	0	0	1	5	27	0	0	3	0	14	25	5	5	3	12	4	5	3	4	11	10	0	21	9	11	8	28	0	0	7	4	20	40	14	21	0	29	0	10	5	0	19	25	40	5	4	5	9	0	9	0	4	2	8	3	0	0	0	4	4	4	4	0	0	3	5	5	8	0	13	13	16	19	17	5	13	0
2013-03-13 23:41:30	5	0	0	0	0	0	0	0	0	0	0	3	0	0	0	0	0	0	0	0	10	4	0	0	0	1	5	27	0	0	3	0	17	25	5	5	3	12	4	5	3	4	11	10	0	21	9	11	8	28	0	0	7	4	20	40	14	21	0	29	0	10	5	0	19	25	40	5	4	5	9	0	9	0	4	2	8	3	0	0	0	4	4	4	4	0	0	3	5	5	8	0	13	13	16	19	17	5	13	0
2013-03-14 14:52:49	5	0	0	0	0	0	0	0	0	0	0	3	0	0	0	0	0	0	0	0	10	4	0	0	0	1	5	27	0	0	5	0	17	25	5	5	3	12	4	5	3	4	11	10	0	21	9	11	8	28	0	0	7	4	20	40	14	21	0	29	0	10	5	0	19	25	40	5	4	5	9	0	9	0	4	2	8	3	0	0	0	4	4	4	4	0	0	3	5	5	8	0	13	13	16	19	17	5	13	0
2013-03-14 14:55:04	5	0	0	0	0	0	0	0	0	0	0	3	0	0	0	0	0	0	0	0	10	4	0	0	0	1	5	27	0	0	5	0	17	25	5	5	3	12	4	5	3	4	11	10	0	21	9	11	8	28	0	0	7	4	20	44	14	21	0	29	0	10	5	0	19	25	40	5	4	5	9	0	9	0	4	2	8	3	0	0	0	4	4	4	4	0	0	3	5	5	8	0	13	13	16	19	17	5	13	0
2013-03-17 19:45:46	5	0	0	0	0	0	0	0	0	0	0	3	0	0	0	0	0	0	0	0	10	4	0	0	0	1	5	27	0	0	5	0	17	25	5	5	3	12	4	5	3	4	11	10	0	21	9	11	8	28	0	0	7	4	20	48	14	21	0	29	0	10	5	0	19	25	40	5	4	5	9	0	9	0	4	2	8	3	0	0	0	4	4	4	4	0	0	3	5	5	8	0	13	13	16	19	17	5	13	0
2013-03-17 19:53:07	5	0	0	0	0	0	0	0	0	0	0	3	0	0	0	0	0	0	0	0	10	4	0	0	0	5	5	27	0	0	5	0	17	25	5	5	3	12	4	5	3	4	11	10	0	21	9	11	8	28	0	0	7	4	20	48	14	21	0	29	0	10	5	0	19	25	40	5	4	5	9	0	9	0	4	2	8	3	0	0	0	4	4	4	4	0	0	3	5	5	8	0	13	13	16	19	17	5	13	0
2013-03-18 00:36:11	5	0	0	0	0	0	0	0	0	0	0	3	0	0	0	0	0	0	0	0	10	4	0	4	0	5	5	27	0	0	5	0	17	25	5	5	3	12	4	5	3	4	11	10	0	21	9	11	8	28	0	0	7	4	20	48	14	21	0	29	0	10	5	0	19	25	40	5	4	5	9	0	9	0	4	2	8	3	0	0	0	4	4	4	4	0	0	3	5	5	8	0	13	13	16	19	17	5	13	0
2013-03-18 00:53:52	5	0	0	0	0	0	0	0	0	0	0	3	0	0	0	0	0	0	0	0	10	4	0	4	0	5	5	27	0	0	5	0	17	25	5	5	3	12	4	5	3	4	11	10	0	21	9	11	8	28	0	0	7	4	20	48	14	21	0	29	0	10	5	0	19	25	40	5	4	5	9	0	9	0	4	2	8	3	0	0	0	4	4	4	4	0	0	3	5	5	8	0	13	13	16	19	17	5	13	5
2013-03-18 01:25:38	5	0	0	0	0	0	0	0	0	0	0	3	0	0	0	0	0	0	0	0	10	4	0	4	0	5	5	27	0	0	5	0	17	25	5	5	3	12	4	5	3	4	11	10	0	21	9	11	8	28	0	0	7	4	20	48	14	21	0	29	0	10	5	0	19	25	40	5	4	5	9	0	9	0	4	2	8	3	0	0	0	4	4	4	4	0	0	3	5	5	8	0	13	13	16	19	21	5	13	5
2013-03-18 01:26:36	5	0	0	0	0	0	0	0	0	0	0	3	0	0	0	0	0	0	0	0	10	4	0	4	0	5	5	27	0	0	5	0	17	25	5	5	5	12	4	5	3	4	11	10	0	21	9	11	8	28	0	0	7	4	20	48	14	21	0	29	0	10	5	0	19	25	40	5	4	5	9	0	9	0	4	2	8	3	0	0	0	4	4	4	4	0	0	3	5	5	8	0	13	13	16	19	21	5	13	5
2013-03-18 13:13:14	5	0	0	0	0	0	0	0	0	0	0	3	0	0	0	0	0	0	0	0	10	4	0	4	0	5	5	27	0	0	5	0	17	25	5	5	6	12	4	5	3	4	11	10	0	21	9	11	8	28	0	0	7	4	20	48	14	21	0	29	0	10	5	0	19	25	40	5	4	5	9	0	9	0	4	2	8	3	0	0	0	4	4	4	4	0	0	3	5	5	8	0	13	13	16	19	21	5	13	5
2013-03-18 13:18:25	5	0	0	0	0	0	0	0	0	0	0	3	0	0	0	0	0	0	0	0	10	4	0	4	0	5	5	27	0	0	5	0	17	25	5	5	6	12	4	5	3	4	11	10	0	21	9	11	8	28	0	0	7	4	20	48	14	21	0	29	0	10	5	0	19	25	40	5	4	5	9	0	9	0	4	2	12	3	0	0	0	4	4	4	4	0	0	3	5	5	8	0	13	13	16	19	21	5	13	5
2013-03-20 12:52:10	5	0	0	0	0	0	0	0	0	0	0	3	0	0	0	0	0	0	0	0	10	4	0	4	0	5	5	27	0	0	5	0	17	25	5	5	6	12	4	5	3	4	11	10	0	21	9	11	8	28	0	0	7	4	20	48	14	21	0	29	0	10	5	0	19	25	40	5	4	5	9	0	9	0	4	2	16	3	0	0	0	4	4	4	4	0	0	3	5	5	8	0	13	13	16	19	21	5	13	5
2013-03-20 13:00:00	5	0	0	0	0	0	0	0	0	0	0	3	0	0	0	0	0	0	0	0	10	4	0	4	0	5	5	27	0	0	5	0	17	25	5	5	6	12	4	5	3	4	11	10	0	21	9	11	8	28	0	0	7	4	20	48	14	21	0	29	0	10	5	0	19	25	40	5	4	5	9	0	9	0	4	2	16	3	0	0	0	4	4	4	4	0	0	3	10	5	8	0	13	13	16	19	21	5	13	5
2013-03-20 14:05:34	5	0	0	0	0	0	0	0	0	0	0	3	0	0	0	0	0	0	0	0	10	4	0	4	0	5	5	27	0	0	5	0	17	25	5	5	6	12	4	5	3	4	11	10	0	21	9	11	8	28	0	0	7	4	20	48	14	21	0	29	0	10	5	0	19	25	40	5	4	5	9	0	9	0	4	2	16	3	0	0	0	4	4	4	4	0	0	3	14	5	8	0	13	13	16	19	21	5	13	5
2013-03-20 15:38:15	5	0	0	0	0	0	0	0	0	0	0	7	0	0	0	0	0	0	0	0	10	4	0	4	0	5	5	27	0	0	5	0	17	25	5	5	6	12	4	5	3	4	11	10	0	21	9	11	8	28	0	0	7	4	20	48	14	21	0	29	0	10	5	0	19	25	40	5	4	5	9	0	9	0	4	2	16	3	0	0	0	4	4	4	4	0	0	3	14	5	8	0	13	13	16	19	21	5	13	5
2013-03-20 15:43:56	5	0	0	0	0	0	0	0	4	0	0	7	0	0	0	0	0	0	0	0	10	4	0	4	0	5	5	27	0	0	5	0	17	25	5	5	6	12	4	5	3	4	11	10	0	21	9	11	8	28	0	0	7	4	20	48	14	21	0	29	0	10	5	0	19	25	40	5	4	5	9	0	9	0	4	2	16	3	0	0	0	4	4	4	4	0	0	3	14	5	8	0	13	13	16	19	21	5	13	5
2013-03-20 15:50:28	5	0	0	0	0	0	0	0	7	0	0	7	0	0	0	0	0	0	0	0	10	4	0	4	0	5	5	27	0	0	5	0	17	25	5	5	6	12	4	5	3	4	11	10	0	21	9	11	8	28	0	0	7	4	20	48	14	21	0	29	0	10	5	0	19	25	40	5	4	5	9	0	9	0	4	2	16	3	0	0	0	4	4	4	4	0	0	3	14	5	8	0	13	13	16	19	21	5	13	5
2013-03-21 11:18:00	5	0	0	0	0	0	0	0	10	0	0	7	0	0	0	0	0	0	0	0	10	4	0	4	0	5	5	27	0	0	5	0	17	25	5	5	6	12	4	5	3	4	11	10	0	21	9	11	8	28	0	0	7	4	20	48	14	21	0	29	0	10	5	0	19	25	40	5	4	5	9	0	9	0	4	2	16	3	0	0	0	4	4	4	4	0	0	3	14	5	8	0	13	13	16	19	21	5	13	5
2013-03-21 14:56:59	5	0	0	0	0	0	0	0	10	0	0	12	0	0	0	0	0	0	0	0	10	4	0	4	0	5	5	27	0	0	5	0	17	25	5	5	6	12	4	5	3	4	11	10	0	21	9	11	8	28	0	0	7	4	20	48	14	21	0	29	0	10	5	0	19	25	40	5	4	5	9	0	9	0	4	2	16	3	0	0	0	4	4	4	4	0	0	3	14	5	8	0	13	13	16	19	21	5	13	5
2013-03-21 15:05:16	5	0	0	0	0	0	0	0	10	0	0	12	0	0	0	0	0	0	0	0	10	4	0	4	0	5	5	27	0	0	5	0	17	25	5	5	6	12	4	5	3	4	11	10	0	21	9	11	8	28	0	0	7	4	20	48	14	21	0	29	0	10	5	0	19	25	40	5	9	5	9	0	9	0	4	2	16	3	0	0	0	4	4	4	4	0	0	3	14	5	8	0	13	13	16	19	21	5	13	5
2013-03-21 15:05:45	5	0	0	0	0	0	0	0	10	0	0	12	0	0	0	0	0	0	0	0	10	4	0	4	0	5	5	27	0	0	5	0	17	25	5	5	6	12	4	5	3	4	11	10	0	21	9	11	8	28	0	0	7	4	20	48	14	21	0	29	0	10	5	0	19	25	45	5	9	5	9	0	9	0	4	2	16	3	0	0	0	4	4	4	4	0	0	3	14	5	8	0	13	13	16	19	21	5	13	5
2013-03-21 15:06:25	5	0	0	0	0	0	0	0	10	0	0	12	0	0	0	0	0	0	0	0	10	4	0	4	0	5	5	27	0	0	5	0	17	25	5	5	6	12	4	5	3	4	11	10	0	21	9	11	8	28	0	0	7	4	20	48	14	21	0	29	0	10	5	0	19	25	50	5	9	5	9	0	9	0	4	2	16	3	0	0	0	4	4	4	4	0	0	3	14	5	8	0	13	13	16	19	21	5	13	5
2013-03-21 15:09:03	5	0	0	0	0	0	0	0	10	0	0	12	0	0	0	0	0	0	0	0	10	4	0	4	0	5	5	27	0	0	5	0	17	25	5	5	6	12	4	5	3	4	11	10	0	21	9	11	8	28	0	0	7	4	20	48	14	21	0	29	0	10	5	0	19	25	50	5	14	5	9	0	9	0	4	2	16	3	0	0	0	4	4	4	4	0	0	3	14	5	8	0	13	13	16	19	21	5	13	5
2013-03-21 15:11:06	5	0	0	0	0	0	0	0	10	0	0	12	0	0	0	0	0	0	0	0	10	4	0	4	0	5	5	27	0	0	5	0	17	25	5	5	6	12	4	5	3	4	11	10	0	21	9	11	8	28	0	0	7	4	20	48	14	21	0	29	0	10	5	0	19	25	55	5	14	5	9	0	9	0	4	2	16	3	0	0	0	4	4	4	4	0	0	3	14	5	8	0	13	13	16	19	21	5	13	5
2013-03-21 15:15:01	5	0	0	0	0	0	0	0	10	0	0	12	0	0	0	0	0	0	0	0	10	4	0	4	0	5	5	27	0	0	5	0	17	25	5	5	6	12	4	5	3	4	11	10	0	21	9	11	8	28	0	0	7	4	20	48	14	21	0	29	0	15	5	0	19	25	55	5	14	5	9	0	9	0	4	2	16	3	0	0	0	4	4	4	4	0	0	3	14	5	8	0	13	13	16	19	21	5	13	5
2013-03-21 15:19:23	5	0	0	0	0	0	0	0	10	0	0	12	0	0	0	0	0	0	0	0	10	4	0	4	0	5	5	27	0	0	5	0	17	25	5	5	6	12	4	5	3	4	11	10	0	21	9	11	8	28	0	0	7	4	20	48	14	21	0	29	0	15	9	0	19	25	55	5	14	5	9	0	9	0	4	2	16	3	0	0	0	4	4	4	4	0	0	3	14	5	8	0	13	13	16	19	21	5	13	5
2013-03-21 15:21:39	5	0	0	0	0	0	0	0	10	0	0	12	0	0	0	0	0	0	0	0	10	4	0	4	0	5	5	27	0	0	5	0	17	25	5	5	6	12	4	5	3	4	11	10	0	21	9	11	8	28	0	0	7	4	20	48	14	21	0	29	0	20	9	0	19	25	55	5	14	5	9	0	9	0	4	2	16	3	0	0	0	4	4	4	4	0	0	3	14	5	8	0	13	13	16	19	21	5	13	5
2013-03-21 15:24:48	5	0	0	0	0	0	0	0	10	0	0	12	0	0	0	0	0	0	0	0	10	4	0	4	0	5	5	27	0	0	5	0	17	25	5	5	6	12	4	5	3	4	11	10	0	21	9	11	8	28	0	0	7	4	20	48	14	21	0	29	0	25	9	0	19	25	55	5	14	5	9	0	9	0	4	2	16	3	0	0	0	4	4	4	4	0	0	3	14	5	8	0	13	13	16	19	21	5	13	5
2013-03-21 15:34:16	5	0	0	0	0	0	0	0	10	0	0	12	0	0	0	0	0	0	0	0	10	4	0	4	0	5	5	27	0	0	5	0	17	25	5	5	6	12	4	5	3	4	11	10	0	21	9	11	8	28	0	0	7	4	20	48	14	21	0	29	0	25	9	0	19	25	55	5	19	5	9	0	9	0	4	2	16	3	0	0	0	4	4	4	4	0	0	3	14	5	8	0	13	13	16	19	21	5	13	5
2013-04-01 17:06:44	5	0	0	0	0	0	0	0	10	0	0	12	0	0	0	0	0	0	0	0	10	4	0	4	0	5	5	27	0	0	5	0	17	25	5	5	6	12	4	5	3	4	11	10	0	21	9	11	8	28	0	0	7	4	20	48	14	21	0	29	0	30	9	0	19	25	55	5	19	5	9	0	9	0	4	2	16	3	0	0	0	4	4	4	4	0	0	3	14	5	8	0	13	13	16	19	21	5	13	5
2013-04-16 05:11:33	5	0	0	0	0	0	0	0	10	0	0	12	0	0	0	0	0	0	0	0	10	4	0	4	0	5	5	27	0	0	5	0	17	25	5	5	6	12	4	5	3	4	11	10	0	21	9	11	8	28	0	0	7	4	20	48	14	21	0	29	0	30	9	0	19	25	55	5	19	5	9	5	9	0	4	2	16	3	0	0	0	4	4	4	4	0	0	3	14	5	8	0	13	13	16	19	21	5	13	5
2013-04-17 01:48:26	5	0	0	0	0	0	0	0	10	0	0	12	0	0	0	0	0	0	0	0	10	4	0	4	0	5	5	27	0	0	5	0	17	25	5	5	6	12	4	5	3	4	11	10	0	21	9	11	8	28	0	0	7	4	24	48	14	21	0	29	0	30	9	0	19	25	55	5	19	5	9	5	9	0	4	2	16	3	0	0	0	4	4	4	4	0	0	3	14	5	8	0	13	13	16	19	21	5	13	5
2013-04-17 09:11:32	5	0	0	0	0	0	0	0	10	0	0	12	0	0	0	0	0	0	0	0	10	4	0	4	0	5	5	27	0	0	5	0	17	25	5	5	6	12	4	5	3	4	11	10	0	21	9	11	8	28	0	0	7	4	24	48	14	21	0	33	0	30	9	0	19	25	55	5	19	5	9	5	9	0	4	2	16	3	0	0	0	4	4	4	4	0	0	3	14	5	8	0	13	13	16	19	21	5	13	5
2013-04-17 13:39:25	5	0	0	0	0	0	0	0	10	0	0	12	0	0	0	0	0	0	0	0	10	4	0	4	0	5	5	27	0	4	5	0	17	25	5	5	6	12	4	5	3	4	11	10	0	21	9	11	8	28	0	0	7	4	24	48	14	21	0	33	0	30	9	0	19	25	55	5	19	5	9	5	9	0	4	2	16	3	0	0	0	4	4	4	4	0	0	3	14	5	8	0	13	13	16	19	21	5	13	5
2013-04-17 14:03:05	5	0	0	0	0	0	0	0	10	0	0	12	0	0	0	0	0	0	0	0	10	4	0	4	0	5	5	27	0	4	5	0	17	25	5	5	6	12	4	5	3	4	11	10	0	21	9	11	8	28	0	0	7	4	24	48	14	21	0	33	0	30	9	0	19	25	55	5	19	5	9	5	13	0	4	2	16	3	0	0	0	4	4	4	4	0	0	3	14	5	8	0	13	13	16	19	21	5	13	5
2013-04-17 19:39:32	5	0	0	0	0	0	0	0	10	0	0	12	0	0	0	0	0	0	0	0	10	4	0	4	0	5	5	27	0	4	5	0	17	25	5	5	6	12	4	5	3	4	11	10	0	21	9	11	8	28	0	0	7	4	24	48	14	21	0	33	0	30	9	0	19	25	55	5	19	5	9	5	13	0	8	2	16	3	0	0	0	4	4	4	4	0	0	3	14	5	8	0	13	13	16	19	21	5	13	5
2013-04-17 19:48:10	5	0	0	0	0	0	0	0	10	0	0	12	0	0	0	0	0	0	0	0	10	4	0	4	0	5	5	27	0	4	5	0	17	25	5	5	6	12	4	5	3	4	11	10	0	21	9	15	8	28	0	0	7	4	24	48	14	21	0	33	0	30	9	0	19	25	55	5	19	5	9	5	13	0	8	2	16	3	0	0	0	4	4	4	4	0	0	3	14	5	8	0	13	13	16	19	21	5	13	5
2013-04-17 19:50:25	5	0	0	0	0	0	0	0	10	0	0	12	0	0	0	0	0	0	0	0	10	4	0	4	0	5	5	27	0	4	5	0	17	25	5	5	6	12	4	5	3	4	11	10	0	21	9	15	10	28	0	0	7	4	24	48	14	21	0	33	0	30	9	0	19	25	55	5	19	5	9	5	13	0	8	2	16	3	0	0	0	4	4	4	4	0	0	3	14	5	8	0	13	13	16	19	21	5	13	5
2013-04-17 20:30:14	5	0	0	0	0	0	0	0	10	0	0	12	0	0	0	0	0	0	0	0	10	4	0	4	0	5	5	27	0	4	5	0	17	25	5	5	6	12	4	5	3	4	11	10	0	21	12	15	10	28	0	0	7	4	24	48	14	21	0	33	0	30	9	0	19	25	55	5	19	5	9	5	13	0	8	2	16	3	0	0	0	4	4	4	4	0	0	3	14	5	8	0	13	13	16	19	21	5	13	5
2013-04-17 22:41:18	5	0	0	0	0	0	0	0	10	0	0	12	0	0	0	0	0	0	0	0	10	4	0	4	0	5	5	31	0	4	5	0	17	25	5	5	6	12	4	5	3	4	11	10	0	21	12	15	10	28	0	0	7	4	24	48	14	21	0	33	0	30	9	0	19	25	55	5	19	5	9	5	13	0	8	2	16	3	0	0	0	4	4	4	4	0	0	3	14	5	8	0	13	13	16	19	21	5	13	5
2013-04-17 22:57:18	5	0	0	0	0	0	0	0	10	0	0	12	0	0	0	0	0	0	0	0	10	4	0	4	0	5	5	31	0	4	5	0	17	25	5	5	6	12	4	5	3	4	11	10	0	21	12	15	10	28	0	0	7	4	24	48	14	21	0	33	0	30	9	0	19	25	55	5	19	5	9	5	13	0	8	2	16	3	0	0	0	4	4	4	4	0	0	3	14	5	8	0	13	13	16	23	21	5	13	5
2013-04-17 23:08:25	5	0	0	0	0	0	0	0	10	0	0	12	0	0	0	0	0	0	0	0	10	4	0	4	0	5	5	31	0	4	5	0	17	25	5	5	6	12	4	5	3	4	11	10	0	21	12	15	10	28	0	0	7	4	24	48	14	21	0	33	0	30	9	0	19	25	55	5	19	5	9	5	13	0	8	2	16	3	0	0	0	4	4	4	4	0	0	3	14	5	8	0	13	13	16	23	21	5	17	5
2013-04-17 23:16:51	5	0	0	0	0	0	0	0	10	0	0	12	0	0	0	0	0	0	0	0	10	4	0	4	0	5	5	31	0	4	5	0	17	25	5	5	6	12	4	5	3	4	15	10	0	21	12	15	10	28	0	0	7	4	24	48	14	21	0	33	0	30	9	0	19	25	55	5	19	5	9	5	13	0	8	2	16	3	0	0	0	4	4	4	4	0	0	3	14	5	8	0	13	13	16	23	21	5	17	5
2013-04-17 23:19:22	5	0	0	0	0	0	0	0	10	0	0	12	0	0	0	0	0	0	0	0	10	4	0	4	0	5	5	31	0	4	5	0	17	25	5	5	6	12	4	5	3	4	15	10	0	21	12	15	10	32	0	0	7	4	24	48	14	21	0	33	0	30	9	0	19	25	55	5	19	5	9	5	13	0	8	2	16	3	0	0	0	4	4	4	4	0	0	3	14	5	8	0	13	13	16	23	21	5	17	5
2013-04-18 08:50:28	5	0	0	0	0	0	0	0	10	0	0	12	0	0	0	0	0	0	0	0	10	4	0	4	0	5	5	31	0	4	5	0	17	25	5	5	6	12	4	5	3	4	15	10	0	25	12	15	10	32	0	0	7	4	24	48	14	21	0	33	0	30	9	0	19	25	55	5	19	5	9	5	13	0	8	2	16	3	0	0	0	4	4	4	4	0	0	3	14	5	8	0	13	13	16	23	21	5	17	5
2013-04-18 09:01:45	5	0	0	0	0	0	0	0	10	0	0	12	0	0	0	0	0	0	0	0	10	4	0	4	0	5	5	31	0	4	5	0	17	25	8	5	6	12	4	5	3	4	15	10	0	25	12	15	10	32	0	0	7	4	24	48	14	21	0	33	0	30	9	0	19	25	55	5	19	5	9	5	13	0	8	2	16	3	0	0	0	4	4	4	4	0	0	3	14	5	8	0	13	13	16	23	21	5	17	5
2013-04-18 09:12:43	5	0	0	0	0	0	0	0	10	0	0	12	0	0	0	0	0	0	0	0	10	4	0	4	0	5	5	31	0	4	5	0	17	25	8	5	6	12	8	5	3	4	15	10	0	25	12	15	10	32	0	0	7	4	24	48	14	21	0	33	0	30	9	0	19	25	55	5	19	5	9	5	13	0	8	2	16	3	0	0	0	4	4	4	4	0	0	3	14	5	8	0	13	13	16	23	21	5	17	5
2013-04-18 09:18:20	5	0	0	0	0	0	0	0	10	0	0	12	0	0	0	0	0	0	0	0	10	4	0	4	0	5	5	31	0	4	5	0	17	25	8	8	6	12	8	5	3	4	15	10	0	25	12	15	10	32	0	0	7	4	24	48	14	21	0	33	0	30	9	0	19	25	55	5	19	5	9	5	13	0	8	2	16	3	0	0	0	4	4	4	4	0	0	3	14	5	8	0	13	13	16	23	21	5	17	5
2013-04-18 09:22:38	5	0	0	0	0	0	0	0	10	0	0	12	0	0	0	0	0	0	0	0	10	4	0	4	0	5	5	31	0	4	5	0	17	25	8	8	6	12	8	7	3	4	15	10	0	25	12	15	10	32	0	0	7	4	24	48	14	21	0	33	0	30	9	0	19	25	55	5	19	5	9	5	13	0	8	2	16	3	0	0	0	4	4	4	4	0	0	3	14	5	8	0	13	13	16	23	21	5	17	5
2013-04-18 09:27:48	5	0	0	0	0	0	0	0	10	0	0	12	0	0	0	0	0	0	0	0	10	4	0	4	0	5	5	31	0	4	5	0	17	25	8	8	8	12	8	7	3	4	15	10	0	25	12	15	10	32	0	0	7	4	24	48	14	21	0	33	0	30	9	0	19	25	55	5	19	5	9	5	13	0	8	2	16	3	0	0	0	4	4	4	4	0	0	3	14	5	8	0	13	13	16	23	21	5	17	5
2013-04-18 10:10:27	5	0	0	0	0	0	0	0	10	0	0	12	0	0	0	0	0	0	0	0	10	4	0	4	0	5	5	31	0	4	5	0	20	25	8	8	8	12	8	7	3	4	15	10	0	25	12	15	10	32	0	0	7	4	24	48	14	21	0	33	0	30	9	0	19	25	55	5	19	5	9	5	13	0	8	2	16	3	0	0	0	4	4	4	4	0	0	3	14	5	8	0	13	13	16	23	21	5	17	5
2013-04-18 10:40:49	5	0	0	0	0	0	0	0	10	0	0	12	0	0	0	0	0	0	0	0	10	4	0	4	0	5	5	31	0	4	5	0	20	29	8	8	8	12	8	7	3	4	15	10	0	25	12	15	10	32	0	0	7	4	24	48	14	21	0	33	0	30	9	0	19	25	55	5	19	5	9	5	13	0	8	2	16	3	0	0	0	4	4	4	4	0	0	3	14	5	8	0	13	13	16	23	21	5	17	5
2013-04-18 10:46:02	5	0	0	0	0	0	0	0	10	0	0	12	0	4	0	0	0	0	0	0	10	4	0	4	0	5	5	31	0	4	5	0	20	29	8	8	8	12	8	7	3	4	15	10	0	25	12	15	10	32	0	0	7	4	24	48	14	21	0	33	0	30	9	0	19	25	55	5	19	5	9	5	13	0	8	2	16	3	0	0	0	4	4	4	4	0	0	3	14	5	8	0	13	13	16	23	21	5	17	5
2013-04-18 10:56:44	5	0	0	0	0	0	0	0	10	0	0	12	0	4	0	0	0	0	0	0	10	4	0	4	0	5	5	31	0	4	5	4	20	29	8	8	8	12	8	7	3	4	15	10	0	25	12	15	10	32	0	0	7	4	24	48	14	21	0	33	0	30	9	0	19	25	55	5	19	5	9	5	13	0	8	2	16	3	0	0	0	4	4	4	4	0	0	3	14	5	8	0	13	13	16	23	21	5	17	5
2013-04-18 10:59:12	5	0	0	0	0	0	0	0	10	0	0	12	0	4	0	0	0	0	0	3	10	4	0	4	0	5	5	31	0	4	5	4	20	29	8	8	8	12	8	7	3	4	15	10	0	25	12	15	10	32	0	0	7	4	24	48	14	21	0	33	0	30	9	0	19	25	55	5	19	5	9	5	13	0	8	2	16	3	0	0	0	4	4	4	4	0	0	3	14	5	8	0	13	13	16	23	21	5	17	5
2013-04-18 10:59:34	5	0	0	0	0	0	0	0	10	0	0	12	0	4	0	0	0	3	0	3	10	4	0	4	0	5	5	31	0	4	5	4	20	29	8	8	8	12	8	7	3	4	15	10	0	25	12	15	10	32	0	0	7	4	24	48	14	21	0	33	0	30	9	0	19	25	55	5	19	5	9	5	13	0	8	2	16	3	0	0	0	4	4	4	4	0	0	3	14	5	8	0	13	13	16	23	21	5	17	5
2013-04-18 10:59:47	5	0	0	0	0	0	0	0	10	0	0	12	0	4	0	0	0	6	0	3	10	4	0	4	0	5	5	31	0	4	5	4	20	29	8	8	8	12	8	7	3	4	15	10	0	25	12	15	10	32	0	0	7	4	24	48	14	21	0	33	0	30	9	0	19	25	55	5	19	5	9	5	13	0	8	2	16	3	0	0	0	4	4	4	4	0	0	3	14	5	8	0	13	13	16	23	21	5	17	5
2013-04-18 11:00:56	5	0	0	0	0	0	0	0	10	0	0	12	0	4	0	0	0	6	2	3	10	4	0	4	0	5	5	31	0	4	5	4	20	29	8	8	8	12	8	7	3	4	15	10	0	25	12	15	10	32	0	0	7	4	24	48	14	21	0	33	0	30	9	0	19	25	55	5	19	5	9	5	13	0	8	2	16	3	0	0	0	4	4	4	4	0	0	3	14	5	8	0	13	13	16	23	21	5	17	5
2013-04-18 11:02:18	5	0	0	0	0	0	0	0	10	0	0	12	0	4	0	0	1	6	2	3	10	4	0	4	0	5	5	31	0	4	5	4	20	29	8	8	8	12	8	7	3	4	15	10	0	25	12	15	10	32	0	0	7	4	24	48	14	21	0	33	0	30	9	0	19	25	55	5	19	5	9	5	13	0	8	2	16	3	0	0	0	4	4	4	4	0	0	3	14	5	8	0	13	13	16	23	21	5	17	5
2013-04-18 11:03:38	5	0	0	0	0	0	0	0	10	0	0	12	3	4	0	0	1	6	2	3	10	4	0	4	0	5	5	31	0	4	5	4	20	29	8	8	8	12	8	7	3	4	15	10	0	25	12	15	10	32	0	0	7	4	24	48	14	21	0	33	0	30	9	0	19	25	55	5	19	5	9	5	13	0	8	2	16	3	0	0	0	4	4	4	4	0	0	3	14	5	8	0	13	13	16	23	21	5	17	5
2013-04-18 13:08:13	5	0	0	0	0	0	0	0	10	0	0	12	3	4	0	0	1	6	2	4	10	4	0	4	0	5	5	31	0	4	5	4	20	29	8	8	8	12	8	7	3	4	15	10	0	25	12	15	10	32	0	0	7	4	24	48	14	21	0	33	0	30	9	0	19	25	55	5	19	5	9	5	13	0	8	2	16	3	0	0	0	4	4	4	4	0	0	3	14	5	8	0	13	13	16	23	21	5	17	5
2013-04-18 13:08:30	5	0	0	0	0	0	0	0	10	0	0	12	3	4	0	0	1	6	2	4	10	4	0	4	0	5	5	31	0	4	5	4	20	29	8	8	8	12	8	7	3	4	15	10	0	25	12	15	10	32	0	0	7	4	24	48	14	21	0	33	0	30	9	0	19	25	55	5	19	5	9	5	13	0	8	2	16	3	0	0	0	8	4	4	4	0	0	3	14	5	8	0	13	13	16	23	21	5	17	5
2013-04-18 13:08:53	5	0	0	0	0	0	0	0	10	0	0	12	3	4	0	0	1	6	2	4	10	4	0	4	0	5	5	31	0	4	5	4	20	29	8	8	8	12	8	7	3	4	15	10	0	25	12	15	10	32	0	0	7	4	24	48	14	21	0	33	0	30	9	0	19	25	55	5	19	5	9	5	13	0	8	2	16	3	0	0	0	8	4	8	4	0	0	3	14	5	8	0	13	13	16	23	21	5	17	5
2013-04-18 13:09:31	5	0	0	0	0	0	0	0	10	0	0	12	3	4	0	0	1	6	2	4	10	4	0	4	0	5	5	31	0	4	5	4	20	29	8	8	8	12	8	7	3	4	15	10	0	25	12	15	10	32	0	0	7	4	24	48	14	21	0	33	0	30	9	0	19	25	55	5	19	5	9	5	13	0	8	2	16	3	0	0	0	8	4	8	4	0	0	6	14	5	8	0	13	13	16	23	21	5	17	5
2013-04-18 13:09:50	5	0	0	0	0	0	0	0	10	0	0	12	3	4	0	0	1	6	2	4	10	4	0	4	0	5	5	31	0	4	5	4	20	29	8	8	8	12	8	7	3	4	15	10	0	25	12	15	10	32	0	0	7	4	24	48	14	21	0	33	0	30	9	0	19	25	55	5	19	5	9	5	13	0	8	2	16	3	0	0	0	8	4	8	4	0	2	6	14	5	8	0	13	13	16	23	21	5	17	5
2013-04-18 13:11:54	5	0	0	0	0	0	0	0	10	0	0	12	3	4	0	0	1	6	2	4	10	4	0	4	0	5	5	31	0	4	5	4	20	29	8	8	8	12	8	7	3	4	15	10	0	25	12	15	10	32	0	0	7	4	24	48	14	21	0	33	0	30	9	0	19	25	55	5	19	5	9	5	13	0	8	2	16	3	0	0	0	8	7	8	4	0	2	6	14	5	8	0	13	13	16	23	21	5	17	5
2013-04-18 13:13:16	5	0	0	0	0	0	0	0	10	0	0	12	3	4	0	0	1	6	2	4	10	4	0	4	0	5	5	31	0	4	5	4	20	29	8	8	8	12	8	7	3	4	15	10	0	25	12	15	10	32	0	0	7	4	24	48	14	21	0	33	0	30	9	0	19	25	55	5	19	5	9	5	13	0	8	2	16	3	0	0	0	8	7	8	4	0	2	6	14	9	8	0	13	13	16	23	21	5	17	5
2013-04-18 13:55:55	5	0	0	0	0	0	0	0	10	0	0	12	3	4	0	0	1	6	2	4	10	4	0	4	0	5	5	31	0	4	5	4	20	29	8	8	8	12	8	7	3	4	15	10	0	25	12	15	10	32	0	0	7	4	24	48	14	21	0	33	0	30	9	0	19	25	55	5	19	5	9	5	13	0	8	2	16	3	0	0	5	8	7	8	4	0	2	6	14	9	8	0	13	13	16	23	21	5	17	5
2013-04-18 14:04:15	5	0	0	0	0	0	0	0	10	0	0	12	3	4	0	0	1	6	2	4	10	7	0	4	0	5	5	31	0	4	5	4	20	29	8	8	8	12	8	7	3	4	15	10	0	25	12	15	10	32	0	0	7	4	24	48	14	21	0	33	0	30	9	0	19	25	55	5	19	5	9	5	13	0	8	2	16	3	0	0	5	8	7	8	4	0	2	6	14	9	8	0	13	13	16	23	21	5	17	5
2013-04-18 20:44:21	5	0	0	0	0	0	0	0	10	0	0	12	3	4	0	0	1	6	2	4	10	7	0	4	0	5	5	31	4	4	5	4	20	29	8	8	8	12	8	7	3	4	15	10	0	25	12	15	10	32	0	0	7	4	24	48	14	21	0	33	0	30	9	0	19	25	55	5	19	5	9	5	13	0	8	2	16	3	0	0	5	8	7	8	4	0	2	6	14	9	8	0	13	13	16	23	21	5	17	5
2013-04-18 20:49:03	5	0	0	0	0	0	0	0	10	0	0	12	3	4	0	0	1	6	2	4	10	7	0	4	0	5	5	31	4	4	5	4	20	29	8	8	8	12	8	7	3	4	15	10	0	25	12	15	10	32	0	0	7	4	24	48	14	21	0	33	0	30	9	0	19	25	55	5	19	5	9	5	13	0	8	2	16	3	4	0	5	8	7	8	4	0	2	6	14	9	8	0	13	13	16	23	21	5	17	5
2013-04-24 01:18:13	5	0	0	0	0	0	0	0	10	0	0	12	3	4	0	0	1	6	2	4	10	7	0	4	0	5	5	31	4	4	5	4	20	29	8	8	8	12	8	7	3	4	15	10	0	25	12	15	10	32	0	0	7	4	24	48	14	21	0	33	0	30	9	0	19	25	55	5	19	5	9	8	13	0	8	2	16	3	4	0	5	8	7	8	4	0	2	6	14	9	8	0	13	13	16	23	21	5	17	5
2013-04-26 08:26:12	5	0	0	0	0	0	0	0	10	0	0	12	3	4	0	0	1	6	2	4	10	7	0	4	0	5	5	31	4	4	5	4	20	29	8	8	8	12	8	7	3	4	15	10	0	29	12	15	10	32	0	0	7	4	24	48	14	21	0	33	0	30	9	0	19	25	55	5	19	5	9	8	13	0	8	2	16	3	4	0	5	8	7	8	4	0	2	6	14	9	8	0	13	13	16	23	21	5	17	5
2013-04-28 18:20:11	5	0	0	0	0	0	0	0	10	0	0	12	3	4	0	0	1	6	2	4	10	7	0	4	0	5	5	31	4	4	5	4	20	29	8	8	8	12	8	7	3	4	15	10	0	29	12	15	10	32	0	0	7	4	24	48	14	21	0	33	0	30	9	0	19	25	55	5	19	5	9	8	17	0	8	2	16	3	4	0	5	8	7	8	4	0	2	6	14	9	8	0	13	13	16	23	21	5	17	5
2013-04-28 18:21:51	5	0	0	0	0	0	0	0	10	0	0	12	3	4	0	0	1	6	2	4	10	7	0	4	0	5	5	31	4	4	5	4	20	29	8	8	8	12	8	7	3	4	15	10	0	29	12	15	10	32	0	0	7	4	24	48	14	21	0	33	0	30	9	0	19	25	55	5	19	5	9	8	17	0	11	2	16	3	4	0	5	8	7	8	4	0	2	6	14	9	8	0	13	13	16	23	21	5	17	5
2013-05-01 00:36:06	5	0	0	0	0	0	0	0	10	0	0	12	3	4	0	0	1	6	2	4	10	7	0	4	0	5	5	31	4	4	5	4	20	29	8	8	8	12	8	7	3	4	15	10	0	29	12	15	10	32	0	0	7	4	24	48	14	21	0	33	0	30	9	0	19	25	55	5	19	5	9	8	17	0	15	2	16	3	4	0	5	8	7	8	4	0	2	6	14	9	8	0	13	13	16	23	21	5	17	5
2013-05-01 00:42:04	5	0	0	0	0	0	0	0	10	0	0	12	3	4	0	0	1	6	2	4	10	7	0	4	0	5	5	31	4	4	5	4	20	29	8	8	8	12	8	7	3	4	15	10	0	29	12	15	10	32	0	0	7	4	24	48	14	21	0	36	0	30	9	0	19	25	55	5	19	5	9	8	17	0	15	2	16	3	4	0	5	8	7	8	4	0	2	6	14	9	8	0	13	13	16	23	21	5	17	5
2013-05-01 00:47:32	5	0	0	0	0	0	0	0	10	0	0	12	3	4	0	0	1	6	2	4	10	7	0	4	0	5	5	31	4	4	5	4	20	29	8	8	8	12	8	7	3	4	15	10	0	29	12	15	10	32	0	0	7	4	24	48	14	21	0	39	0	30	9	0	19	25	55	5	19	5	9	8	17	0	15	2	16	3	4	0	5	8	7	8	4	0	2	6	14	9	8	0	13	13	16	23	21	5	17	5
2013-05-01 00:51:41	5	0	0	0	0	0	0	0	10	0	0	12	3	4	0	0	1	6	2	4	10	7	0	4	0	5	5	31	4	4	5	4	20	29	8	8	8	12	8	7	3	4	15	10	0	29	12	15	10	32	0	0	7	4	24	48	14	21	0	42	0	30	9	0	19	25	55	5	19	5	9	8	17	0	15	2	16	3	4	0	5	8	7	8	4	0	2	6	14	9	8	0	13	13	16	23	21	5	17	5
2013-05-01 00:55:22	5	0	0	0	0	0	0	0	10	0	0	12	3	4	0	0	1	6	2	4	10	7	0	4	0	5	5	31	4	4	5	4	20	29	8	8	8	12	8	7	3	4	15	10	0	29	12	15	10	32	0	0	7	4	24	48	14	21	0	44	0	30	9	0	19	25	55	5	19	5	9	8	17	0	15	2	16	3	4	0	5	8	7	8	4	0	2	6	14	9	8	0	13	13	16	23	21	5	17	5
2013-05-01 01:11:53	5	0	0	0	0	0	0	0	10	0	0	12	3	4	0	0	1	6	2	4	10	7	0	4	0	5	5	31	4	4	5	4	20	29	8	8	8	12	8	7	3	4	15	10	0	29	12	15	10	32	0	0	7	4	24	48	14	21	0	46	0	30	9	0	19	25	55	5	19	5	9	8	17	0	15	2	16	3	4	0	5	8	7	8	4	0	2	6	14	9	8	0	13	13	16	23	21	5	17	5
2013-05-01 01:57:20	5	0	0	0	0	0	0	0	10	0	0	12	3	4	0	0	1	6	2	4	10	7	0	4	0	5	5	31	4	4	5	4	20	29	8	8	8	12	8	7	3	4	15	10	0	29	12	15	10	32	0	0	7	4	24	48	14	21	0	48	0	30	9	0	19	25	55	5	19	5	9	8	17	0	15	2	16	3	4	0	5	8	7	8	4	0	2	6	14	9	8	0	13	13	16	23	21	5	17	5
2013-05-01 01:59:39	5	0	0	0	0	0	0	0	10	0	0	12	3	4	0	0	1	6	2	4	10	7	0	4	0	5	5	31	4	4	5	4	20	29	8	8	8	12	8	7	3	4	15	10	0	29	12	15	10	32	0	0	7	4	24	48	14	21	0	50	0	30	9	0	19	25	55	5	19	5	9	8	17	0	15	2	16	3	4	0	5	8	7	8	4	0	2	6	14	9	8	0	13	13	16	23	21	5	17	5
2013-05-01 02:04:48	5	0	0	0	0	0	0	0	10	0	0	12	3	4	0	0	1	6	2	4	10	7	0	4	0	5	5	31	4	4	5	4	20	29	8	8	8	12	8	7	3	4	15	10	0	29	12	15	10	32	0	0	7	4	24	48	14	23	0	50	0	30	9	0	19	25	55	5	19	5	9	8	17	0	15	2	16	3	4	0	5	8	7	8	4	0	2	6	14	9	8	0	13	13	16	23	21	5	17	5
2013-05-01 02:09:49	5	0	0	0	0	0	0	0	10	0	0	12	3	4	0	0	1	6	2	4	10	7	0	4	0	5	5	31	4	4	5	4	20	29	8	8	8	12	8	7	3	4	15	10	0	29	12	15	10	32	0	0	7	4	24	48	14	25	0	50	0	30	9	0	19	25	55	5	19	5	9	8	17	0	15	2	16	3	4	0	5	8	7	8	4	0	2	6	14	9	8	0	13	13	16	23	21	5	17	5
2013-05-01 02:15:29	5	0	0	0	0	0	0	0	10	0	0	12	3	4	0	0	1	6	2	4	10	7	0	4	0	5	5	31	4	4	5	4	20	29	8	8	8	12	8	7	3	4	15	10	0	29	12	15	10	32	0	0	11	4	24	48	14	25	0	50	0	30	9	0	19	25	55	5	19	5	9	8	17	0	15	2	16	3	4	0	5	8	7	8	4	0	2	6	14	9	8	0	13	13	16	23	21	5	17	5
2013-05-01 02:18:56	5	0	0	0	0	0	0	0	10	0	0	12	3	4	0	0	1	6	2	4	10	7	0	4	0	5	5	31	4	4	5	4	20	29	8	8	8	12	8	7	3	4	15	10	0	29	12	15	10	32	0	0	13	4	24	48	14	25	0	50	0	30	9	0	19	25	55	5	19	5	9	8	17	0	15	2	16	3	4	0	5	8	7	8	4	0	2	6	14	9	8	0	13	13	16	23	21	5	17	5
2013-05-01 02:21:38	5	0	0	0	0	0	0	0	10	0	0	12	3	4	0	0	1	6	2	4	10	7	0	4	0	5	5	31	4	4	5	4	20	29	8	8	8	12	8	7	3	4	15	10	0	29	12	15	10	32	0	0	13	4	24	52	14	25	0	50	0	30	9	0	19	25	55	5	19	5	9	8	17	0	15	2	16	3	4	0	5	8	7	8	4	0	2	6	14	9	8	0	13	13	16	23	21	5	17	5
2013-05-01 02:26:06	5	0	0	0	0	0	0	0	10	0	0	12	3	4	0	0	1	6	2	4	10	7	0	4	0	5	5	31	4	4	5	4	20	29	8	8	8	12	8	7	3	4	15	10	0	29	12	15	10	32	0	0	13	4	24	56	14	25	0	50	0	30	9	0	19	25	55	5	19	5	9	8	17	0	15	2	16	3	4	0	5	8	7	8	4	0	2	6	14	9	8	0	13	13	16	23	21	5	17	5
2013-05-03 14:48:29	5	0	0	0	0	0	0	0	10	0	0	12	3	4	0	0	1	6	2	4	10	7	0	4	0	5	5	31	4	4	5	4	20	29	8	8	8	12	8	7	3	4	15	10	0	29	12	15	10	32	0	0	13	4	24	60	14	25	0	50	0	30	9	0	19	25	55	5	19	5	9	8	17	0	15	2	16	3	4	0	5	8	7	8	4	0	2	6	14	9	8	0	13	13	16	23	21	5	17	5
2013-05-03 14:53:46	5	0	0	0	0	0	0	0	10	4	0	12	3	4	0	0	1	6	2	4	10	7	0	4	0	5	5	31	4	4	5	4	20	29	8	8	8	12	8	7	3	4	15	10	0	29	12	15	10	32	0	0	13	4	24	60	14	25	0	50	0	30	9	0	19	25	55	5	19	5	9	8	17	0	15	2	16	3	4	0	5	8	7	8	4	0	2	6	14	9	8	0	13	13	16	23	21	5	17	5
2013-05-03 15:00:56	5	0	0	0	0	0	0	0	10	6	0	12	3	4	0	0	1	6	2	4	10	7	0	4	0	5	5	31	4	4	5	4	20	29	8	8	8	12	8	7	3	4	15	10	0	29	12	15	10	32	0	0	13	4	24	60	14	25	0	50	0	30	9	0	19	25	55	5	19	5	9	8	17	0	15	2	16	3	4	0	5	8	7	8	4	0	2	6	14	9	8	0	13	13	16	23	21	5	17	5
2013-05-03 15:11:25	5	0	0	0	0	0	0	0	10	10	0	12	3	4	0	0	1	6	2	4	10	7	0	4	0	5	5	31	4	4	5	4	20	29	8	8	8	12	8	7	3	4	15	10	0	29	12	15	10	32	0	0	13	4	24	60	14	25	0	50	0	30	9	0	19	25	55	5	19	5	9	8	17	0	15	2	16	3	4	0	5	8	7	8	4	0	2	6	14	9	8	0	13	13	16	23	21	5	17	5
2013-05-03 17:16:16	5	0	0	2	0	0	0	0	10	10	0	12	3	4	0	0	1	6	2	4	10	7	0	4	0	5	5	31	4	4	5	4	20	29	8	8	8	12	8	7	3	4	15	10	0	29	12	15	10	32	0	0	13	4	24	60	14	25	0	50	0	30	9	0	19	25	55	5	19	5	9	8	17	0	15	2	16	3	4	0	5	8	7	8	4	0	2	6	14	9	8	0	13	13	16	23	21	5	17	5
2013-05-03 17:25:41	5	0	0	2	0	0	0	0	10	10	0	12	3	4	0	0	1	6	2	4	10	7	0	4	0	5	5	36	4	4	5	4	20	29	8	8	8	12	8	7	3	4	15	10	0	29	12	15	10	32	0	0	13	4	24	60	14	25	0	50	0	30	9	0	19	25	55	5	19	5	9	8	17	0	15	2	16	3	4	0	5	8	7	8	4	0	2	6	14	9	8	0	13	13	16	23	21	5	17	5
2013-05-03 17:34:25	5	0	0	2	0	0	0	0	10	10	0	12	3	4	0	0	1	6	2	4	10	7	0	6	0	5	5	36	4	4	5	4	20	29	8	8	8	12	8	7	3	4	15	10	0	29	12	15	10	32	0	0	13	4	24	60	14	25	0	50	0	30	9	0	19	25	55	5	19	5	9	8	17	0	15	2	16	3	4	0	5	8	7	8	4	0	2	6	14	9	8	0	13	13	16	23	21	5	17	5
2013-05-03 17:37:46	5	0	0	2	0	0	0	0	10	10	0	12	3	4	0	0	1	6	2	4	10	7	0	6	0	5	5	36	4	8	5	4	20	29	8	8	8	12	8	7	3	4	15	10	0	29	12	15	10	32	0	0	13	4	24	60	14	25	0	50	0	30	9	0	19	25	55	5	19	5	9	8	17	0	15	2	16	3	4	0	5	8	7	8	4	0	2	6	14	9	8	0	13	13	16	23	21	5	17	5
2013-05-03 17:41:56	5	0	0	2	0	0	0	0	10	10	0	12	3	4	0	0	1	6	2	4	10	7	0	6	0	5	5	40	4	8	5	4	20	29	8	8	8	12	8	7	3	4	15	10	0	29	12	15	10	32	0	0	13	4	24	60	14	25	0	50	0	30	9	0	19	25	55	5	19	5	9	8	17	0	15	2	16	3	4	0	5	8	7	8	4	0	2	6	14	9	8	0	13	13	16	23	21	5	17	5
2013-05-03 17:46:56	5	0	0	2	0	0	0	0	10	10	0	12	3	4	0	0	1	6	2	4	10	7	0	6	0	7	5	40	4	8	5	4	20	29	8	8	8	12	8	7	3	4	15	10	0	29	12	15	10	32	0	0	13	4	24	60	14	25	0	50	0	30	9	0	19	25	55	5	19	5	9	8	17	0	15	2	16	3	4	0	5	8	7	8	4	0	2	6	14	9	8	0	13	13	16	23	21	5	17	5
2013-05-03 17:51:41	5	0	0	2	0	0	0	0	10	10	0	12	3	4	0	0	1	6	2	4	10	7	0	6	0	8	5	40	4	8	5	4	20	29	8	8	8	12	8	7	3	4	15	10	0	29	12	15	10	32	0	0	13	4	24	60	14	25	0	50	0	30	9	0	19	25	55	5	19	5	9	8	17	0	15	2	16	3	4	0	5	8	7	8	4	0	2	6	14	9	8	0	13	13	16	23	21	5	17	5
2013-05-03 19:50:08	5	0	0	2	0	0	0	0	10	10	0	12	3	4	0	0	1	6	2	4	10	7	0	6	2	8	5	40	4	8	5	4	20	29	8	8	8	12	8	7	3	4	15	10	0	29	12	15	10	32	0	0	13	4	24	60	14	25	0	50	0	30	9	0	19	25	55	5	19	5	9	8	17	0	15	2	16	3	4	0	5	8	7	8	4	0	2	6	14	9	8	0	13	13	16	23	21	5	17	5
2013-05-03 20:00:45	5	0	0	2	0	0	0	0	10	10	0	12	3	4	0	0	1	6	2	4	10	7	0	6	2	8	5	40	4	8	5	4	20	29	8	8	8	12	8	7	3	4	15	10	0	29	12	15	10	32	0	0	13	4	24	60	14	25	0	50	0	30	9	0	19	25	55	5	19	5	9	8	17	0	15	2	16	3	4	0	5	8	7	8	4	0	2	6	14	9	8	0	13	13	16	23	21	9	17	5
2013-05-04 17:02:33	5	0	0	2	0	0	0	0	10	10	0	12	3	4	0	0	1	6	2	4	10	7	0	6	2	8	5	40	4	8	5	4	20	29	8	8	8	12	8	7	3	4	15	10	0	29	12	15	10	32	0	0	13	4	24	60	14	25	0	50	0	30	9	0	19	25	55	5	19	5	9	8	17	0	15	2	16	3	4	0	5	8	7	8	4	0	2	6	14	9	8	0	13	16	16	23	21	9	17	5
2013-05-04 17:07:11	5	0	0	2	0	0	0	0	10	10	0	12	3	4	0	0	1	6	2	4	10	7	0	6	2	8	5	40	4	8	5	4	20	29	8	8	8	12	8	7	3	4	15	10	0	29	12	15	10	37	0	0	13	4	24	60	14	25	0	50	0	30	9	0	19	25	55	5	19	5	9	8	17	0	15	2	16	3	4	0	5	8	7	8	4	0	2	6	14	9	8	0	13	16	16	23	21	9	17	5
2013-05-04 17:12:30	5	0	0	2	0	0	0	0	10	10	0	12	3	4	0	0	1	6	2	4	10	7	0	6	2	8	5	40	4	8	5	4	20	29	8	8	8	12	8	7	3	4	15	12	0	29	12	15	10	37	0	0	13	4	24	60	14	25	0	50	0	30	9	0	19	25	55	5	19	5	9	8	17	0	15	2	16	3	4	0	5	8	7	8	4	0	2	6	14	9	8	0	13	16	16	23	21	9	17	5
2013-05-04 17:18:50	5	0	0	2	0	0	0	0	10	10	0	12	3	4	0	0	1	6	2	4	10	7	0	6	2	8	5	40	4	8	5	4	20	29	8	8	8	12	8	7	3	4	15	12	0	29	12	15	10	40	0	0	13	4	24	60	14	25	0	50	0	30	9	0	19	25	55	5	19	5	9	8	17	0	15	2	16	3	4	0	5	8	7	8	4	0	2	6	14	9	8	0	13	16	16	23	21	9	17	5
2013-05-04 17:26:46	5	0	0	2	0	0	0	0	10	10	0	12	3	4	0	0	1	6	2	4	10	7	0	6	2	8	5	40	4	8	5	4	20	29	8	8	8	12	8	7	3	4	15	12	0	29	12	15	10	42	0	0	13	4	24	60	14	25	0	50	0	30	9	0	19	25	55	5	19	5	9	8	17	0	15	2	16	3	4	0	5	8	7	8	4	0	2	6	14	9	8	0	13	16	16	23	21	9	17	5
2013-05-04 17:31:06	5	0	0	2	0	0	0	0	10	10	0	12	3	4	0	0	1	6	2	4	10	7	0	6	2	8	5	40	4	8	5	4	20	29	8	8	8	12	8	7	3	4	15	12	0	29	12	15	10	44	0	0	13	4	24	60	14	25	0	50	0	30	9	0	19	25	55	5	19	5	9	8	17	0	15	2	16	3	4	0	5	8	7	8	4	0	2	6	14	9	8	0	13	16	16	23	21	9	17	5
2013-05-04 17:37:40	5	0	0	2	0	0	0	0	10	10	0	12	3	4	0	0	1	6	2	4	10	7	0	6	2	8	5	40	4	8	5	4	20	29	8	8	8	12	8	7	3	4	15	12	0	29	12	15	10	46	0	0	13	4	24	60	14	25	0	50	0	30	9	0	19	25	55	5	19	5	9	8	17	0	15	2	16	3	4	0	5	8	7	8	4	0	2	6	14	9	8	0	13	16	16	23	21	9	17	5
2013-05-04 17:42:18	5	0	0	2	0	0	0	0	10	10	0	12	3	4	0	0	1	6	2	4	10	7	0	6	2	8	5	40	4	8	5	4	20	29	8	8	8	12	8	7	3	4	15	12	0	29	12	15	10	48	0	0	13	4	24	60	14	25	0	50	0	30	9	0	19	25	55	5	19	5	9	8	17	0	15	2	16	3	4	0	5	8	7	8	4	0	2	6	14	9	8	0	13	16	16	23	21	9	17	5
2013-05-04 17:46:02	5	0	0	2	0	0	0	0	10	10	0	12	3	4	0	0	1	6	2	4	10	7	0	6	2	8	5	40	4	8	5	4	20	29	8	8	8	12	8	7	3	4	15	12	0	29	12	15	10	52	0	0	13	4	24	60	14	25	0	50	0	30	9	0	19	25	55	5	19	5	9	8	17	0	15	2	16	3	4	0	5	8	7	8	4	0	2	6	14	9	8	0	13	16	16	23	21	9	17	5
2013-05-04 17:51:09	5	0	0	2	0	0	0	0	10	10	0	12	3	4	0	0	1	6	2	4	10	7	0	6	2	8	5	40	4	8	5	4	20	29	8	8	8	12	8	7	3	4	15	12	0	29	12	15	10	56	0	0	13	4	24	60	14	25	0	50	0	30	9	0	19	25	55	5	19	5	9	8	17	0	15	2	16	3	4	0	5	8	7	8	4	0	2	6	14	9	8	0	13	16	16	23	21	9	17	5
2013-05-04 17:57:02	5	0	0	2	0	0	0	0	10	10	0	12	3	4	0	0	1	6	2	4	10	7	0	6	2	8	5	40	4	8	5	4	20	29	8	8	8	12	8	7	3	4	15	12	0	29	12	18	10	56	0	0	13	4	24	60	14	25	0	50	0	30	9	0	19	25	55	5	19	5	9	8	17	0	15	2	16	3	4	0	5	8	7	8	4	0	2	6	14	9	8	0	13	16	16	23	21	9	17	5
2013-05-04 18:03:25	5	0	0	2	0	0	0	0	10	10	0	12	3	4	0	0	1	6	2	4	10	7	0	6	2	8	5	40	4	8	5	4	20	29	8	8	8	12	8	7	3	4	15	12	0	29	12	21	10	56	0	0	13	4	24	60	14	25	0	50	0	30	9	0	19	25	55	5	19	5	9	8	17	0	15	2	16	3	4	0	5	8	7	8	4	0	2	6	14	9	8	0	13	16	16	23	21	9	17	5
2013-05-04 18:06:48	5	0	0	2	0	0	0	0	10	10	0	12	3	4	0	0	1	6	2	4	10	7	0	6	2	8	5	40	4	8	5	4	20	29	8	8	8	12	8	7	3	4	15	12	0	29	12	25	10	56	0	0	13	4	24	60	14	25	0	50	0	30	9	0	19	25	55	5	19	5	9	8	17	0	15	2	16	3	4	0	5	8	7	8	4	0	2	6	14	9	8	0	13	16	16	23	21	9	17	5
2013-05-04 18:10:36	5	0	0	2	0	0	0	0	10	10	0	12	3	4	0	0	1	6	2	4	10	7	0	6	2	8	5	40	4	8	5	4	20	29	8	8	8	12	8	7	3	4	15	12	0	29	12	29	10	56	0	0	13	4	24	60	14	25	0	50	0	30	9	0	19	25	55	5	19	5	9	8	17	0	15	2	16	3	4	0	5	8	7	8	4	0	2	6	14	9	8	0	13	16	16	23	21	9	17	5
2013-05-04 18:16:03	5	0	0	2	0	0	0	0	10	10	0	12	3	4	0	0	1	6	2	4	10	7	0	6	2	8	5	40	4	8	5	4	20	29	8	8	8	12	8	7	3	4	20	12	0	29	12	29	10	56	0	0	13	4	24	60	14	25	0	50	0	30	9	0	19	25	55	5	19	5	9	8	17	0	15	2	16	3	4	0	5	8	7	8	4	0	2	6	14	9	8	0	13	16	16	23	21	9	17	5
2013-05-04 18:32:07	5	0	0	2	0	0	0	0	10	10	0	12	3	4	0	0	1	6	2	4	10	7	0	6	2	8	5	40	4	8	5	4	20	29	8	8	8	12	8	7	3	4	24	12	0	29	12	29	10	56	0	0	13	4	24	60	14	25	0	50	0	30	9	0	19	25	55	5	19	5	9	8	17	0	15	2	16	3	4	0	5	8	7	8	4	0	2	6	14	9	8	0	13	16	16	23	21	9	17	5
2013-05-04 20:09:09	5	0	0	2	0	0	0	0	10	10	0	12	3	4	0	0	1	6	2	4	10	7	0	6	2	8	5	40	4	8	5	4	20	29	8	8	8	12	8	7	3	4	24	12	0	32	12	29	10	56	0	0	13	4	24	60	14	25	0	50	0	30	9	0	19	25	55	5	19	5	9	8	17	0	15	2	16	3	4	0	5	8	7	8	4	0	2	6	14	9	8	0	13	16	16	23	21	9	17	5
2013-05-04 20:14:05	5	0	0	2	0	0	0	0	10	10	0	12	3	4	0	0	1	6	2	4	10	7	0	6	2	8	5	40	4	8	5	4	20	29	8	8	8	12	8	7	3	4	24	12	0	37	12	29	10	56	0	0	13	4	24	60	14	25	0	50	0	30	9	0	19	25	55	5	19	5	9	8	17	0	15	2	16	3	4	0	5	8	7	8	4	0	2	6	14	9	8	0	13	16	16	23	21	9	17	5
2013-05-04 20:19:02	5	0	0	2	0	0	0	0	10	10	0	12	3	4	0	0	1	6	2	4	10	7	0	6	2	8	5	40	4	8	5	4	20	29	8	8	8	12	8	7	3	4	24	12	0	42	12	29	10	56	0	0	13	4	24	60	14	25	0	50	0	30	9	0	19	25	55	5	19	5	9	8	17	0	15	2	16	3	4	0	5	8	7	8	4	0	2	6	14	9	8	0	13	16	16	23	21	9	17	5
2013-05-04 20:22:42	5	0	0	2	0	0	0	0	10	10	0	12	3	4	0	0	1	6	2	4	10	7	0	6	2	8	5	40	4	8	5	4	20	29	8	8	8	12	8	7	3	4	24	12	0	42	12	29	10	60	0	0	13	4	24	60	14	25	0	50	0	30	9	0	19	25	55	5	19	5	9	8	17	0	15	2	16	3	4	0	5	8	7	8	4	0	2	6	14	9	8	0	13	16	16	23	21	9	17	5
2013-05-04 20:27:22	5	0	0	2	0	0	0	0	10	10	0	12	3	4	0	0	1	6	2	4	10	7	0	6	2	8	5	40	4	8	5	4	20	29	8	8	8	12	8	7	3	4	24	12	0	42	12	29	10	65	0	0	13	4	24	60	14	25	0	50	0	30	9	0	19	25	55	5	19	5	9	8	17	0	15	2	16	3	4	0	5	8	7	8	4	0	2	6	14	9	8	0	13	16	16	23	21	9	17	5
2013-05-04 20:31:12	5	0	0	2	0	0	0	0	10	10	0	12	3	4	0	0	1	6	2	4	10	7	0	6	2	8	5	40	4	8	5	4	20	29	8	8	8	12	8	7	3	4	24	12	0	42	12	32	10	65	0	0	13	4	24	60	14	25	0	50	0	30	9	0	19	25	55	5	19	5	9	8	17	0	15	2	16	3	4	0	5	8	7	8	4	0	2	6	14	9	8	0	13	16	16	23	21	9	17	5
2013-05-04 20:35:49	5	0	0	2	0	0	0	0	10	10	0	12	3	4	0	0	1	6	2	4	10	7	0	6	2	8	5	40	4	8	5	4	20	29	8	8	8	12	8	7	3	4	24	12	0	42	12	35	10	65	0	0	13	4	24	60	14	25	0	50	0	30	9	0	19	25	55	5	19	5	9	8	17	0	15	2	16	3	4	0	5	8	7	8	4	0	2	6	14	9	8	0	13	16	16	23	21	9	17	5
2013-05-04 20:43:51	5	0	0	2	0	0	0	0	10	10	0	12	3	4	0	0	1	6	2	4	10	7	0	6	2	8	5	40	4	8	5	4	20	29	8	8	8	12	8	7	3	4	28	12	0	42	12	35	10	65	0	0	13	4	24	60	14	25	0	50	0	30	9	0	19	25	55	5	19	5	9	8	17	0	15	2	16	3	4	0	5	8	7	8	4	0	2	6	14	9	8	0	13	16	16	23	21	9	17	5
2013-05-04 20:55:24	5	0	0	2	0	0	0	0	10	10	0	12	3	4	0	0	1	6	2	4	10	7	0	6	2	8	5	40	4	8	5	4	20	29	8	8	8	12	8	7	3	4	31	12	0	42	12	35	10	65	0	0	13	4	24	60	14	25	0	50	0	30	9	0	19	25	55	5	19	5	9	8	17	0	15	2	16	3	4	0	5	8	7	8	4	0	2	6	14	9	8	0	13	16	16	23	21	9	17	5
2013-05-04 21:01:35	5	0	0	2	0	0	0	0	10	10	0	12	3	4	0	0	1	6	2	4	10	7	0	6	2	8	5	40	4	8	5	4	20	29	8	8	8	12	8	7	6	4	31	12	0	42	12	35	10	65	0	0	13	4	24	60	14	25	0	50	0	30	9	0	19	25	55	5	19	5	9	8	17	0	15	2	16	3	4	0	5	8	7	8	4	0	2	6	14	9	8	0	13	16	16	23	21	9	17	5
2013-05-04 21:05:22	5	0	0	2	0	0	0	0	10	10	0	12	3	4	0	0	1	6	2	4	10	7	0	6	2	8	5	40	4	8	5	4	20	29	8	8	8	12	8	7	9	4	31	12	0	42	12	35	10	65	0	0	13	4	24	60	14	25	0	50	0	30	9	0	19	25	55	5	19	5	9	8	17	0	15	2	16	3	4	0	5	8	7	8	4	0	2	6	14	9	8	0	13	16	16	23	21	9	17	5
2013-05-05 01:27:31	5	0	0	2	0	0	0	0	10	10	0	12	3	4	0	0	1	6	2	4	10	7	0	6	2	8	5	40	4	8	5	4	20	29	8	8	8	12	8	7	13	4	31	12	0	42	12	35	10	65	0	0	13	4	24	60	14	25	0	50	0	30	9	0	19	25	55	5	19	5	9	8	17	0	15	2	16	3	4	0	5	8	7	8	4	0	2	6	14	9	8	0	13	16	16	23	21	9	17	5
2013-05-05 04:58:04	5	0	0	2	0	0	0	0	10	10	0	12	3	4	0	0	1	6	2	4	10	7	0	6	2	8	5	40	4	8	5	4	20	29	8	8	8	12	8	7	13	4	31	12	0	42	12	35	10	65	0	0	15	4	24	60	14	25	0	50	0	30	9	0	19	25	55	5	19	5	9	8	17	0	15	2	16	3	4	0	5	8	7	8	4	0	2	6	14	9	8	0	13	16	16	23	21	9	17	5
2013-05-05 04:59:48	5	0	0	2	0	0	0	0	10	10	0	12	3	4	0	0	1	6	2	4	10	7	0	6	2	8	5	40	4	8	5	4	20	29	8	8	8	12	8	7	13	4	31	12	0	42	12	35	10	65	0	0	15	4	24	64	14	25	0	50	0	30	9	0	19	25	55	5	19	5	9	8	17	0	15	2	16	3	4	0	5	8	7	8	4	0	2	6	14	9	8	0	13	16	16	23	21	9	17	5
2013-05-05 05:02:55	5	0	0	2	0	0	0	0	10	10	0	12	3	4	0	0	1	6	2	4	10	7	0	6	2	8	5	40	4	8	5	4	20	29	8	8	8	12	8	7	13	4	31	12	0	42	12	35	10	65	0	0	15	4	24	68	14	25	0	50	0	30	9	0	19	25	55	5	19	5	9	8	17	0	15	2	16	3	4	0	5	8	7	8	4	0	2	6	14	9	8	0	13	16	16	23	21	9	17	5
2013-05-05 06:39:53	5	0	0	2	0	0	0	0	10	10	0	12	3	4	0	0	1	6	2	4	10	7	0	6	2	8	5	40	4	8	5	4	20	29	8	8	8	12	8	7	13	4	31	12	0	42	12	35	10	65	0	0	15	4	24	72	14	25	0	50	0	30	9	0	19	25	55	5	19	5	9	8	17	0	15	2	16	3	4	0	5	8	7	8	4	0	2	6	14	9	8	0	13	16	16	23	21	9	17	5
2013-05-05 06:43:44	5	0	0	2	0	0	0	0	10	10	0	12	3	4	0	0	1	6	2	4	10	7	0	6	2	8	5	40	4	8	5	4	20	29	8	8	8	12	8	7	13	4	31	12	0	42	12	35	10	65	0	0	15	4	29	72	14	25	0	50	0	30	9	0	19	25	55	5	19	5	9	8	17	0	15	2	16	3	4	0	5	8	7	8	4	0	2	6	14	9	8	0	13	16	16	23	21	9	17	5
2013-05-05 06:47:10	5	0	0	2	0	0	0	0	10	10	0	12	3	4	0	0	1	6	2	4	10	7	0	6	2	8	5	40	4	8	5	4	20	29	8	8	8	12	8	7	13	4	31	12	0	42	12	35	10	65	0	0	15	4	29	72	14	25	0	53	0	30	9	0	19	25	55	5	19	5	9	8	17	0	15	2	16	3	4	0	5	8	7	8	4	0	2	6	14	9	8	0	13	16	16	23	21	9	17	5
2013-05-05 06:50:36	5	0	0	2	0	0	0	0	10	10	0	12	3	4	0	0	1	6	2	4	10	7	0	6	2	8	5	40	4	8	5	4	20	29	8	8	8	12	8	7	13	4	31	12	0	42	12	35	10	65	0	0	15	4	29	72	14	28	0	53	0	30	9	0	19	25	55	5	19	5	9	8	17	0	15	2	16	3	4	0	5	8	7	8	4	0	2	6	14	9	8	0	13	16	16	23	21	9	17	5
2013-05-05 06:53:15	5	0	0	2	0	0	0	0	10	10	0	12	3	4	0	0	1	6	2	4	10	7	0	6	2	8	5	40	4	8	5	4	20	29	8	8	8	12	8	7	13	4	31	12	0	42	12	35	10	65	0	0	15	4	32	72	14	28	0	53	0	30	9	0	19	25	55	5	19	5	9	8	17	0	15	2	16	3	4	0	5	8	7	8	4	0	2	6	14	9	8	0	13	16	16	23	21	9	17	5
2013-05-05 06:56:09	5	0	0	2	0	0	0	0	10	10	0	12	3	4	0	0	1	6	2	4	10	7	0	6	2	8	5	40	4	8	5	4	20	29	8	8	8	12	8	7	13	4	31	12	0	42	12	35	10	65	4	0	15	4	32	72	14	28	0	53	0	30	9	0	19	25	55	5	19	5	9	8	17	0	15	2	16	3	4	0	5	8	7	8	4	0	2	6	14	9	8	0	13	16	16	23	21	9	17	5
2013-05-05 06:59:09	5	0	0	2	0	0	0	0	10	10	0	12	3	4	0	0	1	6	2	4	10	7	0	6	2	8	5	40	4	8	5	4	20	29	8	8	8	12	8	7	13	4	31	12	0	42	12	35	10	65	4	0	15	4	32	72	14	28	0	56	0	30	9	0	19	25	55	5	19	5	9	8	17	0	15	2	16	3	4	0	5	8	7	8	4	0	2	6	14	9	8	0	13	16	16	23	21	9	17	5
2013-05-05 07:07:04	5	0	0	2	0	0	0	0	10	10	0	12	3	4	0	0	1	6	2	4	10	7	0	6	2	8	5	40	4	8	5	4	20	29	8	8	8	12	8	7	13	4	31	12	0	42	12	35	10	65	4	0	15	4	32	72	14	28	0	59	0	30	9	0	19	25	55	5	19	5	9	8	17	0	15	2	16	3	4	0	5	8	7	8	4	0	2	6	14	9	8	0	13	16	16	23	21	9	17	5
2013-05-05 07:09:50	5	0	0	2	0	0	0	0	10	10	0	12	3	4	0	0	1	6	2	4	10	7	0	6	2	8	5	40	4	8	5	4	20	29	8	8	8	12	8	7	13	4	31	12	0	42	12	35	10	65	4	0	15	4	32	75	14	28	0	59	0	30	9	0	19	25	55	5	19	5	9	8	17	0	15	2	16	3	4	0	5	8	7	8	4	0	2	6	14	9	8	0	13	16	16	23	21	9	17	5
2013-05-05 12:51:07	5	0	0	2	0	0	0	0	10	10	0	12	3	4	0	0	1	6	2	4	10	7	0	6	2	8	5	40	4	8	5	4	20	29	8	8	8	12	8	7	13	4	31	12	0	42	12	35	10	65	4	0	15	4	35	75	14	28	0	59	0	30	9	0	19	25	55	5	19	5	9	8	17	0	15	2	16	3	4	0	5	8	7	8	4	0	2	6	14	9	8	0	13	16	16	23	21	9	17	5
2013-05-05 19:15:57	5	0	0	2	0	0	0	0	10	10	0	12	3	4	0	0	1	6	2	4	10	7	0	6	2	8	5	40	4	8	5	4	20	29	8	8	8	12	8	7	13	4	31	12	0	45	12	35	10	65	4	0	15	4	35	75	14	28	0	59	0	30	9	0	19	25	55	5	19	5	9	8	17	0	15	2	16	3	4	0	5	8	7	8	4	0	2	6	14	9	8	0	13	16	16	23	21	9	17	5
2013-05-05 21:28:47	5	0	0	2	0	0	0	0	10	10	0	12	3	4	0	0	1	6	2	4	10	7	0	6	2	8	5	40	4	8	5	4	20	29	8	8	8	12	8	7	13	4	31	12	0	45	12	35	10	65	4	0	15	4	37	75	14	28	0	59	0	30	9	0	19	25	55	5	19	5	9	8	17	0	15	2	16	3	4	0	5	8	7	8	4	0	2	6	14	9	8	0	13	16	16	23	21	9	17	5
2013-05-05 23:50:28	5	0	0	2	0	0	0	0	10	10	0	12	3	4	0	0	1	6	2	4	10	7	0	6	2	8	5	40	4	8	5	4	20	29	8	8	8	12	8	7	13	4	31	12	0	45	12	35	10	65	4	0	15	4	37	75	14	28	0	59	0	30	9	0	19	25	55	5	19	5	9	8	17	0	15	3	16	3	4	0	5	8	7	8	4	0	2	6	14	9	8	0	13	16	16	23	21	9	17	5
2013-05-05 23:58:32	5	0	0	2	0	0	0	0	10	10	0	12	3	4	0	0	1	6	2	4	10	7	0	6	2	8	5	40	4	8	5	4	20	29	8	8	8	12	8	7	13	4	31	12	0	45	12	35	10	65	4	0	15	4	37	75	14	28	0	59	0	30	9	0	19	25	55	5	19	5	9	8	17	0	15	3	16	3	4	0	5	8	7	8	4	0	2	6	14	9	8	0	13	16	20	23	21	9	17	5
2013-05-06 00:12:43	5	0	0	2	0	0	0	0	10	10	0	12	3	4	0	0	1	6	2	4	10	7	0	6	2	8	5	40	4	8	5	4	20	29	8	8	8	12	8	7	13	4	31	12	0	45	12	35	10	65	4	0	15	4	37	75	14	28	0	59	0	30	9	0	19	25	55	5	19	5	9	8	17	0	15	3	16	3	4	0	5	8	7	8	4	0	2	6	14	9	8	0	13	16	25	23	21	9	17	5
2013-05-06 00:19:18	5	0	0	2	0	0	0	0	10	10	0	12	3	4	0	0	1	6	2	4	10	7	0	6	2	8	5	40	4	8	5	4	20	29	8	8	8	12	8	7	13	4	31	12	0	45	12	35	10	65	4	0	15	4	37	75	14	28	0	59	0	30	9	0	19	25	55	5	19	5	9	8	17	0	15	3	16	3	4	0	5	8	7	8	4	0	2	6	14	9	8	0	17	16	25	23	21	9	17	5
2013-05-06 00:28:00	5	0	0	2	0	0	0	0	10	10	0	12	3	4	0	0	1	6	2	4	10	7	0	6	2	8	5	40	4	8	5	4	20	29	8	8	8	12	8	7	13	4	31	12	0	45	12	35	10	65	4	0	15	4	37	75	14	28	0	59	0	30	9	0	19	25	55	5	19	5	9	8	17	0	15	3	16	3	4	0	5	8	7	8	4	0	2	6	14	9	8	0	17	16	25	28	21	9	17	5
2013-05-06 00:37:14	5	0	0	2	0	0	0	0	10	10	0	12	3	4	0	0	1	6	2	4	10	7	0	6	2	8	5	40	4	8	5	4	20	29	8	8	8	12	8	7	13	4	31	12	0	45	12	35	10	65	4	0	15	4	37	75	14	28	0	59	0	30	9	0	19	25	55	5	19	5	9	8	17	0	15	3	16	3	4	0	5	8	7	8	4	0	2	6	14	9	8	0	17	16	25	31	21	9	17	5
2013-05-06 00:40:56	5	0	0	2	0	0	0	0	10	10	0	12	3	4	0	0	1	6	2	4	10	7	0	6	2	8	5	40	4	8	5	4	20	29	8	8	8	12	8	7	13	4	31	12	0	45	12	35	10	65	4	0	15	4	37	75	14	28	0	59	0	30	9	0	19	25	55	5	19	5	9	8	17	0	15	3	16	3	4	0	5	8	7	8	4	0	2	6	14	9	8	0	17	16	25	31	21	12	17	5
2013-05-06 01:17:39	5	0	0	2	0	0	0	0	10	10	0	12	3	4	0	0	1	6	2	4	10	7	0	6	2	8	5	40	4	8	5	4	20	29	8	8	8	12	8	7	13	4	31	12	0	45	12	35	10	65	4	0	15	4	37	75	14	28	0	59	0	30	9	0	19	25	55	5	19	5	9	8	17	0	15	3	16	3	4	0	5	8	7	8	4	0	2	6	14	9	8	0	17	16	25	31	21	12	17	9
2013-05-06 01:50:33	5	0	0	2	0	0	0	0	10	10	0	12	3	4	0	0	1	6	2	4	10	7	0	6	2	8	5	40	4	8	5	4	20	29	8	8	8	12	8	7	13	4	31	12	0	45	12	35	10	65	4	0	15	4	37	75	14	28	0	59	0	30	9	0	19	25	55	5	19	5	9	8	17	0	15	3	16	3	4	0	5	8	7	8	4	0	2	6	14	9	8	0	17	16	25	34	21	12	17	9
2013-05-06 09:30:48	5	0	0	2	0	0	0	0	10	10	0	12	3	4	0	0	1	6	2	4	10	7	0	6	2	8	5	40	4	8	5	4	20	29	8	8	8	12	8	7	13	4	31	12	0	45	12	35	10	65	4	0	15	4	37	75	14	28	0	59	0	30	9	0	19	25	55	5	19	5	9	8	17	0	15	3	16	3	4	0	5	8	7	8	4	0	2	6	14	9	8	0	17	16	25	34	21	12	21	9
2013-05-06 09:36:18	5	0	0	2	0	0	0	0	10	10	0	12	3	4	0	0	1	6	2	4	10	7	0	6	2	8	5	40	4	8	5	4	20	29	8	8	8	12	8	7	13	4	31	12	0	45	12	35	10	65	4	0	15	4	40	75	14	28	0	59	0	30	9	0	19	25	55	5	19	5	9	8	17	0	15	3	16	3	4	0	5	8	7	8	4	0	2	6	14	9	8	0	17	16	25	34	21	12	21	9
2013-05-06 09:40:54	5	0	0	2	0	0	0	0	10	10	0	12	3	4	0	0	1	6	2	4	10	7	0	6	2	8	5	40	4	8	5	4	20	29	8	8	8	12	8	7	13	4	31	12	0	45	12	35	10	65	4	0	15	4	40	75	14	28	0	61	0	30	9	0	19	25	55	5	19	5	9	8	17	0	15	3	16	3	4	0	5	8	7	8	4	0	2	6	14	9	8	0	17	16	25	34	21	12	21	9
2013-05-06 17:52:27	5	0	0	2	0	0	0	0	10	10	0	12	3	4	0	0	1	6	2	4	10	7	0	6	2	8	5	40	4	8	5	4	20	29	8	8	8	12	8	7	13	4	31	12	0	45	12	35	10	65	4	0	15	4	43	75	14	28	0	61	0	30	9	0	19	25	55	5	19	5	9	8	17	0	15	3	16	3	4	0	5	8	7	8	4	0	2	6	14	9	8	0	17	16	25	34	21	12	21	9
2013-05-06 17:59:25	5	0	0	2	0	0	0	0	10	10	0	12	3	4	0	0	1	6	2	4	10	7	0	6	2	8	5	40	4	12	5	4	20	29	8	8	8	12	8	7	13	4	31	12	0	45	12	35	10	65	4	0	15	4	43	75	14	28	0	61	0	30	9	0	19	25	55	5	19	5	9	8	17	0	15	3	16	3	4	0	5	8	7	8	4	0	2	6	14	9	8	0	17	16	25	34	21	12	21	9
2013-05-06 23:30:02	5	0	0	2	0	0	0	0	10	10	0	12	3	4	0	0	1	6	2	4	10	7	0	6	2	8	5	40	4	12	5	4	20	29	8	8	8	12	8	7	13	4	31	12	0	45	12	35	10	65	4	0	15	4	43	75	14	28	0	61	0	30	9	0	19	25	55	5	19	8	9	8	17	0	15	3	16	3	4	0	5	8	7	8	4	0	2	6	14	9	8	0	17	16	25	34	21	12	21	9
2013-05-07 01:12:26	5	0	0	2	0	0	0	0	10	10	0	12	3	4	0	0	1	6	2	4	10	7	0	6	2	8	5	40	4	12	5	4	20	29	8	8	8	12	8	7	13	4	31	12	0	45	12	35	10	65	4	0	15	4	43	75	14	28	0	61	0	30	9	0	19	25	60	5	19	8	9	8	17	0	15	3	16	3	4	0	5	8	7	8	4	0	2	6	14	9	8	0	17	16	25	34	21	12	21	9
2013-05-07 01:17:07	5	0	0	2	0	0	0	0	10	10	0	12	3	4	0	0	1	6	2	4	10	7	0	6	2	8	5	40	4	12	5	4	20	29	8	8	8	12	8	7	13	4	31	12	0	45	12	35	10	65	4	0	15	4	43	75	14	28	0	61	0	30	9	0	19	25	65	5	19	8	9	8	17	0	15	3	16	3	4	0	5	8	7	8	4	0	2	6	14	9	8	0	17	16	25	34	21	12	21	9
2013-05-07 03:10:15	5	0	0	2	0	0	0	0	10	10	0	12	3	4	0	0	1	6	2	4	10	7	0	6	2	8	5	40	4	12	5	4	20	29	8	8	8	12	8	7	13	4	31	12	0	45	12	35	10	65	4	0	15	4	43	75	14	28	0	61	0	30	9	0	19	25	65	5	19	13	9	8	17	0	15	3	16	3	4	0	5	8	7	8	4	0	2	6	14	9	8	0	17	16	25	34	21	12	21	9
2013-05-07 12:48:24	5	0	0	2	0	0	0	0	10	10	0	12	3	4	0	0	1	6	2	4	10	7	0	6	2	8	5	40	4	12	5	4	20	29	8	8	8	12	8	7	13	4	31	12	0	45	12	35	10	65	4	0	15	4	43	75	14	28	0	61	0	30	9	0	19	25	65	5	19	13	9	8	17	0	15	3	16	3	4	0	5	8	7	8	4	0	2	6	14	9	8	0	17	16	25	34	25	12	21	9
2013-05-07 21:13:34	5	0	0	2	0	0	0	0	10	10	0	12	3	4	0	0	1	6	2	4	10	7	0	6	2	8	5	40	4	12	5	4	20	29	8	8	8	12	8	7	13	4	31	12	0	45	12	35	10	65	4	0	15	4	43	75	16	28	0	61	0	30	9	0	19	25	65	5	19	13	9	8	17	0	15	3	16	3	4	0	5	8	7	8	4	0	2	6	14	9	8	0	17	16	25	34	25	12	21	9
2013-05-07 22:24:36	5	0	0	2	0	0	0	0	10	10	0	12	3	4	0	0	1	6	2	4	10	7	0	6	2	8	5	40	4	12	5	4	20	29	8	8	8	12	8	7	13	4	31	12	0	45	12	35	10	65	4	0	15	4	43	75	16	28	0	61	0	30	9	0	19	25	70	5	19	13	9	8	17	0	15	3	16	3	4	0	5	8	7	8	4	0	2	6	14	9	8	0	17	16	25	34	25	12	21	9
2013-05-07 22:35:37	5	0	0	2	0	0	0	0	10	10	0	12	3	4	0	0	1	6	2	4	10	7	0	6	2	8	5	40	4	12	5	4	20	29	8	8	8	12	8	7	13	4	31	12	0	45	12	35	10	65	4	0	15	4	43	75	16	28	0	61	0	30	9	0	19	25	70	5	19	13	9	8	17	0	15	3	16	3	4	0	5	8	7	8	4	0	2	6	14	9	8	0	17	16	25	34	28	12	21	9
2013-05-07 23:00:37	5	0	0	2	0	0	0	0	10	10	0	12	3	4	0	0	1	6	2	4	10	7	0	6	2	8	5	40	4	12	5	4	20	29	8	8	8	12	8	7	13	4	31	12	0	45	12	35	10	65	4	0	15	4	43	75	16	28	0	61	0	30	9	0	19	25	70	5	19	13	9	8	17	0	15	3	16	3	4	0	5	8	7	8	4	0	2	6	14	9	8	0	17	16	25	34	32	12	21	9
2013-05-07 23:17:02	5	0	0	2	0	0	0	0	10	10	0	12	3	4	0	0	1	6	2	4	10	7	0	6	2	8	5	40	4	12	5	4	20	29	8	8	8	12	8	7	13	4	31	12	0	45	12	35	10	65	4	0	15	4	43	75	16	28	0	64	0	30	9	0	19	25	70	5	19	13	9	8	17	0	15	3	16	3	4	0	5	8	7	8	4	0	2	6	14	9	8	0	17	16	25	34	32	12	21	9
2013-05-07 23:21:50	5	0	0	2	0	0	0	0	10	10	0	12	3	4	0	0	1	6	2	4	10	7	0	6	2	8	5	40	4	12	5	4	20	29	8	8	8	12	8	7	13	4	31	12	0	45	12	35	10	65	4	0	15	4	43	75	20	28	0	64	0	30	9	0	19	25	70	5	19	13	9	8	17	0	15	3	16	3	4	0	5	8	7	8	4	0	2	6	14	9	8	0	17	16	25	34	32	12	21	9
2013-05-08 00:56:41	5	0	0	2	0	0	0	0	10	10	0	12	3	4	0	0	1	6	2	4	10	7	0	6	2	8	5	40	4	12	5	4	20	29	8	8	8	12	8	7	13	4	31	12	0	45	12	35	10	65	4	0	15	4	43	75	20	28	0	67	0	30	9	0	19	25	70	5	19	13	9	8	17	0	15	3	16	3	4	0	5	8	7	8	4	0	2	6	14	9	8	0	17	16	25	34	32	12	21	9
2013-05-08 11:13:39	5	0	0	2	0	0	0	0	10	10	0	12	3	4	0	0	1	6	2	4	10	7	0	6	2	8	5	40	4	12	5	4	20	29	8	8	8	12	8	7	13	4	31	12	0	45	12	35	10	65	4	0	15	4	43	75	20	28	0	67	0	30	9	0	19	25	70	5	19	13	9	8	17	0	15	3	16	3	8	0	5	8	7	8	4	0	2	6	14	9	8	0	17	16	25	34	32	12	21	9
2013-05-08 13:46:14	5	0	0	2	0	0	0	0	10	10	0	17	3	4	0	0	1	6	2	4	10	7	0	6	2	8	5	40	4	12	5	4	20	29	8	8	8	12	8	7	13	4	31	12	0	45	12	35	10	65	4	0	15	4	43	75	20	28	0	67	0	30	9	0	19	25	70	5	19	13	9	8	17	0	15	3	16	3	8	0	5	8	7	8	4	0	2	6	14	9	8	0	17	16	25	34	32	12	21	9
2013-05-08 15:09:04	5	0	0	2	0	0	0	0	10	10	0	20	3	4	0	0	1	6	2	4	10	7	0	6	2	8	5	40	4	12	5	4	20	29	8	8	8	12	8	7	13	4	31	12	0	45	12	35	10	65	4	0	15	4	43	75	20	28	0	67	0	30	9	0	19	25	70	5	19	13	9	8	17	0	15	3	16	3	8	0	5	8	7	8	4	0	2	6	14	9	8	0	17	16	25	34	32	12	21	9
2013-05-09 01:59:34	5	0	0	2	0	0	0	0	10	10	0	24	3	4	0	0	1	6	2	4	10	7	0	6	2	8	5	40	4	12	5	4	20	29	8	8	8	12	8	7	13	4	31	12	0	45	12	35	10	65	4	0	15	4	43	75	20	28	0	67	0	30	9	0	19	25	70	5	19	13	9	8	17	0	15	3	16	3	8	0	5	8	7	8	4	0	2	6	14	9	8	0	17	16	25	34	32	12	21	9
2013-05-09 03:31:15	5	0	0	2	0	0	0	0	10	10	0	24	3	4	0	0	1	6	2	4	10	7	0	6	2	8	5	40	4	12	5	4	20	29	8	8	8	12	8	7	13	4	31	12	0	45	12	35	10	65	4	0	15	4	43	75	20	28	0	68	0	30	9	0	19	25	70	5	19	13	9	8	17	0	15	3	16	3	8	0	5	8	7	8	4	0	2	6	14	9	8	0	17	16	25	34	32	12	21	9
2013-05-09 03:34:37	5	0	0	2	0	0	0	0	10	10	0	24	3	4	0	0	1	6	2	4	10	7	0	6	2	8	5	40	4	12	5	4	20	29	8	8	8	12	8	7	13	4	31	12	0	45	12	35	10	65	4	4	15	4	43	75	20	28	0	68	0	30	9	0	19	25	70	5	19	13	9	8	17	0	15	3	16	3	8	0	5	8	7	8	4	0	2	6	14	9	8	0	17	16	25	34	32	12	21	9
2013-05-09 10:46:06	5	0	0	2	0	0	0	0	10	10	0	24	3	4	0	0	1	6	2	4	10	7	0	6	2	8	5	40	4	12	5	4	20	29	8	8	8	12	8	7	13	4	31	12	0	45	12	35	10	65	4	7	15	4	43	75	20	28	0	68	0	30	9	0	19	25	70	5	19	13	9	8	17	0	15	3	16	3	8	0	5	8	7	8	4	0	2	6	14	9	8	0	17	16	25	34	32	12	21	9
2013-05-09 10:46:13	5	0	0	2	0	0	0	0	10	10	0	24	3	4	0	0	1	6	2	4	10	7	0	6	2	8	5	40	4	12	5	4	20	29	8	8	8	12	8	7	13	4	31	12	0	45	12	35	10	65	4	7	15	4	43	75	20	28	0	68	0	30	9	0	19	30	70	5	19	13	9	8	17	0	15	3	16	3	8	0	5	8	7	8	4	0	2	6	14	9	8	0	17	16	25	34	32	12	21	9
2013-05-09 10:50:49	5	0	0	2	0	0	0	0	10	10	0	24	3	4	0	0	1	6	2	4	10	11	0	6	2	8	5	40	4	12	5	4	20	29	8	8	8	12	8	7	13	4	31	12	0	45	12	35	10	65	4	7	15	4	43	75	20	28	0	68	0	30	9	0	19	30	70	5	19	13	9	8	17	0	15	3	16	3	8	0	5	8	7	8	4	0	2	6	14	9	8	0	17	16	25	34	32	12	21	9
2013-05-09 11:03:05	5	0	0	2	0	0	0	0	10	10	0	24	3	4	0	0	1	6	2	4	10	15	0	6	2	8	5	40	4	12	5	4	20	29	8	8	8	12	8	7	13	4	31	12	0	45	12	35	10	65	4	7	15	4	43	75	20	28	0	68	0	30	9	0	19	30	70	5	19	13	9	8	17	0	15	3	16	3	8	0	5	8	7	8	4	0	2	6	14	9	8	0	17	16	25	34	32	12	21	9
2013-05-09 11:09:24	5	0	0	2	0	0	0	0	10	10	0	24	3	4	0	0	1	6	2	4	10	15	0	6	2	8	5	40	8	12	5	4	20	29	8	8	8	12	8	7	13	4	31	12	0	45	12	35	10	65	4	7	15	4	43	75	20	28	0	68	0	30	9	0	19	30	70	5	19	13	9	8	17	0	15	3	16	3	8	0	5	8	7	8	4	0	2	6	14	9	8	0	17	16	25	34	32	12	21	9
2013-05-09 11:10:17	5	0	0	2	0	3	0	0	10	10	0	24	3	4	0	0	1	6	2	4	10	15	0	6	2	8	5	40	8	12	5	4	20	29	8	8	8	12	8	7	13	4	31	12	0	45	12	35	10	65	4	7	15	4	43	75	20	28	0	68	0	30	9	0	19	30	70	5	19	13	9	8	17	0	15	3	16	3	8	0	5	8	7	8	4	0	2	6	14	9	8	0	17	16	25	34	32	12	21	9
2013-05-09 11:15:42	5	0	0	2	0	3	0	0	10	10	0	24	3	4	0	0	1	6	2	4	10	15	0	6	5	8	5	40	8	12	5	4	20	29	8	8	8	12	8	7	13	4	31	12	0	45	12	35	10	65	4	7	15	4	43	75	20	28	0	68	0	30	9	0	19	30	70	5	19	13	9	8	17	0	15	3	16	3	8	0	5	8	7	8	4	0	2	6	14	9	8	0	17	16	25	34	32	12	21	9
2013-05-09 11:27:02	5	0	0	2	0	3	0	0	10	10	0	24	3	4	0	0	1	6	2	4	10	15	0	6	8	8	5	40	8	12	5	4	20	29	8	8	8	12	8	7	13	4	31	12	0	45	12	35	10	65	4	7	15	4	43	75	20	28	0	68	0	30	9	0	19	30	70	5	19	13	9	8	17	0	15	3	16	3	8	0	5	8	7	8	4	0	2	6	14	9	8	0	17	16	25	34	32	12	21	9
2013-05-09 11:35:27	5	0	0	2	0	3	0	0	10	10	0	24	3	4	0	0	1	6	2	4	10	15	0	6	8	8	9	40	8	12	5	4	20	29	8	8	8	12	8	7	13	4	31	12	0	45	12	35	10	65	4	7	15	4	43	75	20	28	0	68	0	30	9	0	19	30	70	5	19	13	9	8	17	0	15	3	16	3	8	0	5	8	7	8	4	0	2	6	14	9	8	0	17	16	25	34	32	12	21	9
2013-05-09 11:39:34	5	0	0	2	0	3	0	0	10	10	0	24	3	4	0	0	1	6	2	4	10	15	0	6	8	8	13	40	8	12	5	4	20	29	8	8	8	12	8	7	13	4	31	12	0	45	12	35	10	65	4	7	15	4	43	75	20	28	0	68	0	30	9	0	19	30	70	5	19	13	9	8	17	0	15	3	16	3	8	0	5	8	7	8	4	0	2	6	14	9	8	0	17	16	25	34	32	12	21	9
2013-05-09 11:42:22	5	3	0	2	0	3	0	0	10	10	0	24	3	4	0	0	1	6	2	4	10	15	0	6	8	8	13	40	8	12	5	4	20	29	8	8	8	12	8	7	13	4	31	12	0	45	12	35	10	65	4	7	15	4	43	75	20	28	0	68	0	30	9	0	19	30	70	5	19	13	9	8	17	0	15	3	16	3	8	0	5	8	7	8	4	0	2	6	14	9	8	0	17	16	25	34	32	12	21	9
2013-05-09 11:45:45	5	3	0	2	0	3	0	0	10	10	0	24	3	4	0	0	1	6	2	4	10	15	0	6	8	8	17	40	8	12	5	4	20	29	8	8	8	12	8	7	13	4	31	12	0	45	12	35	10	65	4	7	15	4	43	75	20	28	0	68	0	30	9	0	19	30	70	5	19	13	9	8	17	0	15	3	16	3	8	0	5	8	7	8	4	0	2	6	14	9	8	0	17	16	25	34	32	12	21	9
2013-05-09 20:33:42	5	3	0	2	0	3	0	0	10	12	0	24	3	4	0	0	1	6	2	4	10	15	0	6	8	8	17	40	8	12	5	4	20	29	8	8	8	12	8	7	13	4	31	12	0	45	12	35	10	65	4	7	15	4	43	75	20	28	0	68	0	30	9	0	19	30	70	5	19	13	9	8	17	0	15	3	16	3	8	0	5	8	7	8	4	0	2	6	14	9	8	0	17	16	25	34	32	12	21	9
2013-05-09 21:52:40	5	3	0	2	0	3	0	0	10	12	0	24	3	4	0	0	1	6	2	4	10	15	0	6	8	8	17	40	8	12	5	4	20	29	8	8	8	12	8	7	13	4	31	12	0	45	12	35	10	65	4	7	15	4	43	75	20	28	0	68	0	30	9	0	19	30	70	5	19	13	9	8	17	0	15	3	16	3	8	0	5	8	7	8	4	4	2	6	14	9	8	0	17	16	25	34	32	12	21	9
2013-05-09 22:15:11	5	3	0	2	0	3	0	0	10	12	0	24	3	4	0	0	1	6	2	4	10	15	0	6	8	8	17	40	8	12	5	4	20	32	8	8	8	12	8	7	13	4	31	12	0	45	12	35	10	65	4	7	15	4	43	75	20	28	0	68	0	30	9	0	19	30	70	5	19	13	9	8	17	0	15	3	16	3	8	0	5	8	7	8	4	4	2	6	14	9	8	0	17	16	25	34	32	12	21	9
2013-05-09 22:19:01	5	3	0	2	0	3	0	0	10	12	0	24	3	4	0	0	1	6	2	4	10	15	0	6	8	8	17	40	8	12	5	4	20	33	8	8	8	12	8	7	13	4	31	12	0	45	12	35	10	65	4	7	15	4	43	75	20	28	0	68	0	30	9	0	19	30	70	5	19	13	9	8	17	0	15	3	16	3	8	0	5	8	7	8	4	4	2	6	14	9	8	0	17	16	25	34	32	12	21	9
2013-05-09 22:22:08	5	3	0	2	0	3	0	0	10	12	0	24	3	4	0	0	1	6	2	4	10	15	0	6	8	8	17	40	8	12	5	4	20	38	8	8	8	12	8	7	13	4	31	12	0	45	12	35	10	65	4	7	15	4	43	75	20	28	0	68	0	30	9	0	19	30	70	5	19	13	9	8	17	0	15	3	16	3	8	0	5	8	7	8	4	4	2	6	14	9	8	0	17	16	25	34	32	12	21	9
2013-05-09 22:30:34	5	3	0	2	0	3	0	0	10	12	0	24	3	4	0	0	1	6	2	4	10	15	0	6	8	8	17	40	8	12	5	4	20	42	8	8	8	12	8	7	13	4	31	12	0	45	12	35	10	65	4	7	15	4	43	75	20	28	0	68	0	30	9	0	19	30	70	5	19	13	9	8	17	0	15	3	16	3	8	0	5	8	7	8	4	4	2	6	14	9	8	0	17	16	25	34	32	12	21	9
2013-05-09 22:38:11	5	3	0	2	0	3	0	0	10	12	0	24	3	4	0	0	1	6	2	4	10	15	0	6	8	8	17	40	8	12	5	4	20	45	8	8	8	12	8	7	13	4	31	12	0	45	12	35	10	65	4	7	15	4	43	75	20	28	0	68	0	30	9	0	19	30	70	5	19	13	9	8	17	0	15	3	16	3	8	0	5	8	7	8	4	4	2	6	14	9	8	0	17	16	25	34	32	12	21	9
2013-05-09 22:48:11	5	3	0	2	0	3	0	0	10	12	0	24	3	4	0	0	1	6	2	4	10	15	0	6	8	8	17	40	8	12	5	4	20	49	8	8	8	12	8	7	13	4	31	12	0	45	12	35	10	65	4	7	15	4	43	75	20	28	0	68	0	30	9	0	19	30	70	5	19	13	9	8	17	0	15	3	16	3	8	0	5	8	7	8	4	4	2	6	14	9	8	0	17	16	25	34	32	12	21	9
2013-05-09 22:52:22	5	3	0	2	0	3	0	0	10	12	0	24	3	4	0	0	1	6	2	4	10	15	0	6	8	8	17	40	8	12	9	4	20	49	8	8	8	12	8	7	13	4	31	12	0	45	12	35	10	65	4	7	15	4	43	75	20	28	0	68	0	30	9	0	19	30	70	5	19	13	9	8	17	0	15	3	16	3	8	0	5	8	7	8	4	4	2	6	14	9	8	0	17	16	25	34	32	12	21	9
2013-05-09 22:54:59	5	3	0	2	0	3	0	0	10	12	0	24	3	4	0	0	1	6	2	4	10	15	0	6	8	8	17	40	8	12	9	5	20	49	8	8	8	12	8	7	13	4	31	12	0	45	12	35	10	65	4	7	15	4	43	75	20	28	0	68	0	30	9	0	19	30	70	5	19	13	9	8	17	0	15	3	16	3	8	0	5	8	7	8	4	4	2	6	14	9	8	0	17	16	25	34	32	12	21	9
2013-05-09 22:59:18	5	3	0	2	0	3	0	0	10	12	0	24	3	4	0	0	1	6	2	4	10	15	0	6	8	8	17	40	8	12	9	5	22	49	8	8	8	12	8	7	13	4	31	12	0	45	12	35	10	65	4	7	15	4	43	75	20	28	0	68	0	30	9	0	19	30	70	5	19	13	9	8	17	0	15	3	16	3	8	0	5	8	7	8	4	4	2	6	14	9	8	0	17	16	25	34	32	12	21	9
2013-05-09 23:02:00	5	3	0	2	0	3	0	0	10	12	0	24	3	4	0	0	1	6	2	4	10	15	0	6	8	8	17	40	8	12	9	8	22	49	8	8	8	12	8	7	13	4	31	12	0	45	12	35	10	65	4	7	15	4	43	75	20	28	0	68	0	30	9	0	19	30	70	5	19	13	9	8	17	0	15	3	16	3	8	0	5	8	7	8	4	4	2	6	14	9	8	0	17	16	25	34	32	12	21	9
2013-05-09 23:05:41	5	3	0	2	0	3	0	0	10	12	0	24	3	4	0	0	1	6	2	4	10	15	0	6	8	8	17	40	8	12	9	12	22	49	8	8	8	12	8	7	13	4	31	12	0	45	12	35	10	65	4	7	15	4	43	75	20	28	0	68	0	30	9	0	19	30	70	5	19	13	9	8	17	0	15	3	16	3	8	0	5	8	7	8	4	4	2	6	14	9	8	0	17	16	25	34	32	12	21	9
2013-05-09 23:09:14	5	3	0	2	0	3	0	0	10	12	0	24	3	4	0	0	1	6	2	4	10	15	0	6	8	8	17	40	8	12	9	16	22	49	8	8	8	12	8	7	13	4	31	12	0	45	12	35	10	65	4	7	15	4	43	75	20	28	0	68	0	30	9	0	19	30	70	5	19	13	9	8	17	0	15	3	16	3	8	0	5	8	7	8	4	4	2	6	14	9	8	0	17	16	25	34	32	12	21	9
2013-05-09 23:42:29	5	3	0	2	0	3	0	0	10	12	0	24	3	4	0	0	1	6	2	4	10	15	0	6	8	8	17	40	8	12	9	16	22	49	8	8	8	12	12	7	13	4	31	12	0	45	12	35	10	65	4	7	15	4	43	75	20	28	0	68	0	30	9	0	19	30	70	5	19	13	9	8	17	0	15	3	16	3	8	0	5	8	7	8	4	4	2	6	14	9	8	0	17	16	25	34	32	12	21	9
2013-05-09 23:46:50	5	3	0	2	0	3	0	0	10	12	0	24	3	4	0	0	1	6	2	4	10	15	0	6	8	8	17	40	8	12	9	16	22	49	8	8	10	12	12	7	13	4	31	12	0	45	12	35	10	65	4	7	15	4	43	75	20	28	0	68	0	30	9	0	19	30	70	5	19	13	9	8	17	0	15	3	16	3	8	0	5	8	7	8	4	4	2	6	14	9	8	0	17	16	25	34	32	12	21	9
2013-05-10 00:06:34	5	3	0	2	0	3	0	0	10	12	0	24	3	4	0	0	1	6	2	4	10	15	0	6	8	8	17	40	8	12	9	16	22	49	8	8	11	12	12	7	13	4	31	12	0	45	12	35	10	65	4	7	15	4	43	75	20	28	0	68	0	30	9	0	19	30	70	5	19	13	9	8	17	0	15	3	16	3	8	0	5	8	7	8	4	4	2	6	14	9	8	0	17	16	25	34	32	12	21	9
2013-05-10 00:07:16	5	3	0	2	0	3	0	0	10	12	0	24	3	4	0	0	1	6	2	4	10	15	0	6	8	8	17	40	8	12	9	16	22	49	8	8	13	12	12	7	13	4	31	12	0	45	12	35	10	65	4	7	15	4	43	75	20	28	0	68	0	30	9	0	19	30	70	5	19	13	9	8	17	0	15	3	16	3	8	0	5	8	7	8	4	4	2	6	14	9	8	0	17	16	25	34	32	12	21	9
2013-05-10 00:28:18	5	3	0	2	0	3	0	0	10	12	0	24	3	4	0	0	1	6	2	4	10	15	0	6	8	8	17	40	8	12	9	16	22	49	8	8	14	12	12	7	13	4	31	12	0	45	12	35	10	65	4	7	15	4	43	75	20	28	0	68	0	30	9	0	19	30	70	5	19	13	9	8	17	0	15	3	16	3	8	0	5	8	7	8	4	4	2	6	14	9	8	0	17	16	25	34	32	12	21	9
2013-05-10 00:29:49	5	3	0	2	0	3	0	0	13	12	0	24	3	4	0	0	1	6	2	4	10	15	0	6	8	8	17	40	8	12	9	16	22	49	8	8	14	12	12	7	13	4	31	12	0	45	12	35	10	65	4	7	15	4	43	75	20	28	0	68	0	30	9	0	19	30	70	5	19	13	9	8	17	0	15	3	16	3	8	0	5	8	7	8	4	4	2	6	14	9	8	0	17	16	25	34	32	12	21	9
2013-05-10 00:34:49	5	3	0	2	0	3	0	0	13	12	0	24	3	4	0	0	1	6	2	4	10	15	0	6	8	8	17	40	8	12	9	16	22	49	8	8	14	12	12	7	13	4	31	12	0	45	12	35	10	65	4	7	15	4	43	75	20	28	0	68	0	30	9	0	19	30	70	5	19	13	9	8	17	0	15	3	16	3	8	0	5	8	7	12	4	4	2	6	14	9	8	0	17	16	25	34	32	12	21	9
2013-05-10 00:43:59	5	3	0	2	0	3	0	0	13	12	0	24	3	4	0	0	1	6	2	4	10	15	0	6	8	8	17	40	8	12	9	16	22	49	8	8	14	12	12	7	13	4	31	12	0	45	12	35	10	65	4	7	15	4	43	75	20	28	0	68	0	30	9	0	19	30	70	5	19	13	9	8	17	0	15	3	16	3	8	0	5	8	7	16	4	4	2	6	14	9	8	0	17	16	25	34	32	12	21	9
2013-05-10 00:52:49	5	3	0	2	0	3	0	0	13	12	0	24	3	4	0	0	1	6	2	4	10	15	0	6	8	8	17	40	8	12	9	16	22	49	8	11	14	12	12	7	13	4	31	12	0	45	12	35	10	65	4	7	15	4	43	75	20	28	0	68	0	30	9	0	19	30	70	5	19	13	9	8	17	0	15	3	16	3	8	0	5	8	7	16	4	4	2	6	14	9	8	0	17	16	25	34	32	12	21	9
2013-05-10 01:09:10	5	3	0	2	0	3	0	0	13	12	0	24	3	4	0	0	1	6	2	4	10	15	0	6	8	8	17	40	8	12	9	20	22	49	8	11	14	12	12	7	13	4	31	12	0	45	12	35	10	65	4	7	15	4	43	75	20	28	0	68	0	30	9	0	19	30	70	5	19	13	9	8	17	0	15	3	16	3	8	0	5	8	7	16	4	4	2	6	14	9	8	0	17	16	25	34	32	12	21	9
2013-05-10 01:13:56	5	3	0	2	0	3	0	0	13	12	0	24	3	4	0	0	1	6	2	4	10	15	0	6	8	8	17	40	8	12	9	20	22	49	8	15	14	12	12	7	13	4	31	12	0	45	12	35	10	65	4	7	15	4	43	75	20	28	0	68	0	30	9	0	19	30	70	5	19	13	9	8	17	0	15	3	16	3	8	0	5	8	7	16	4	4	2	6	14	9	8	0	17	16	25	34	32	12	21	9
2013-05-10 01:15:43	5	3	0	2	0	3	0	0	13	12	0	24	3	4	0	0	1	6	2	4	10	15	0	6	8	8	17	40	8	12	9	20	22	49	8	15	14	12	12	7	13	4	31	12	0	45	12	35	10	65	4	7	15	4	43	75	20	28	0	68	0	30	9	0	19	30	70	5	19	13	9	8	17	0	15	3	16	3	8	0	5	8	10	16	4	4	2	6	14	9	8	0	17	16	25	34	32	12	21	9
2013-05-10 01:18:06	5	3	0	2	0	3	0	0	13	12	0	24	3	4	0	0	1	6	2	4	10	15	0	6	8	8	17	40	8	12	9	20	22	49	8	15	14	12	12	7	13	4	31	12	0	45	12	35	10	65	4	7	15	4	43	75	20	28	0	68	0	30	9	0	19	30	70	5	19	13	9	8	17	0	15	3	16	3	8	0	5	8	10	16	4	4	2	6	18	9	8	0	17	16	25	34	32	12	21	9
2013-05-10 01:25:53	5	3	0	2	0	3	0	0	13	12	0	24	3	4	0	0	1	6	2	4	10	15	0	6	8	8	17	40	8	12	9	20	22	49	8	15	14	12	12	7	13	4	31	12	0	45	12	35	10	65	4	7	15	4	43	75	20	28	0	68	0	30	9	0	19	30	70	5	19	13	9	8	17	0	15	3	16	3	8	0	9	8	10	16	4	4	2	6	18	9	8	0	17	16	25	34	32	12	21	9
2013-05-10 01:31:21	5	3	0	2	0	3	0	0	13	12	0	24	3	4	0	0	1	6	2	4	10	15	0	6	8	8	17	40	8	12	9	20	22	54	8	15	14	12	12	7	13	4	31	12	0	45	12	35	10	65	4	7	15	4	43	75	20	28	0	68	0	30	9	0	19	30	70	5	19	13	9	8	17	0	15	3	16	3	8	0	9	8	10	16	4	4	2	6	18	9	8	0	17	16	25	34	32	12	21	9
2013-05-10 12:16:15	5	3	0	2	0	3	0	0	13	12	0	24	3	4	0	0	1	6	2	4	10	15	0	6	8	8	17	40	8	12	9	20	22	54	8	15	14	12	12	7	13	4	31	12	0	45	12	35	10	65	4	7	15	4	43	75	20	28	0	68	0	30	9	0	19	30	70	5	19	13	9	8	17	0	15	3	16	3	8	0	9	8	10	16	4	4	2	6	22	9	8	0	17	16	25	34	32	12	21	9
2013-05-10 12:22:46	5	3	0	2	0	3	0	0	13	12	0	24	3	4	0	0	1	6	2	4	10	15	0	6	8	8	17	40	8	12	9	20	22	54	8	15	14	12	12	7	13	4	31	12	0	45	12	35	10	65	4	7	15	4	43	75	20	28	0	68	0	30	9	0	19	30	70	5	19	13	9	8	17	0	15	3	16	3	8	0	9	8	10	19	4	4	2	6	22	9	8	0	17	16	25	34	32	12	21	9
2013-05-10 12:26:41	5	3	0	2	0	3	0	0	13	12	0	24	3	4	0	0	1	6	2	4	10	15	0	6	8	8	17	40	8	12	9	20	22	54	8	15	14	12	12	7	13	4	31	12	0	45	12	35	10	65	4	7	15	4	43	75	20	28	0	68	0	30	9	0	19	30	70	5	19	13	9	8	17	0	15	3	16	3	8	0	9	11	10	19	4	4	2	6	22	9	8	0	17	16	25	34	32	12	21	9
2013-05-10 14:25:33	5	3	0	2	0	3	0	0	13	12	0	24	3	4	0	0	1	6	2	4	10	15	0	6	8	8	17	40	8	12	9	20	22	54	8	15	14	12	12	7	13	4	31	12	0	45	12	35	10	65	4	7	15	4	43	75	20	28	0	68	0	30	9	0	19	30	70	5	19	13	9	8	17	0	15	3	16	3	8	0	9	11	10	19	4	4	4	6	22	9	8	0	17	16	25	34	32	12	21	9
2013-05-10 14:42:10	5	3	0	2	0	3	0	0	13	12	0	24	3	4	0	0	1	6	6	4	10	15	0	6	8	8	17	40	8	12	9	20	22	54	8	15	14	12	12	7	13	4	31	12	0	45	12	35	10	65	4	7	15	4	43	75	20	28	0	68	0	30	9	0	19	30	70	5	19	13	9	8	17	0	15	3	16	3	8	0	9	11	10	19	4	4	4	6	22	9	8	0	17	16	25	34	32	12	21	9
2013-05-10 14:44:21	5	3	0	2	0	3	0	0	13	12	0	24	3	4	0	0	1	6	6	4	10	15	0	6	8	8	17	40	8	12	9	20	22	54	8	15	14	12	12	7	13	4	31	12	0	45	12	35	10	65	4	7	15	4	43	75	20	28	0	68	0	30	9	0	19	30	70	5	19	13	9	8	17	0	15	3	16	3	8	0	9	11	10	19	4	4	4	6	22	12	8	0	17	16	25	34	32	12	21	9
2013-05-10 14:48:55	5	3	0	2	0	3	0	0	13	12	0	24	3	4	0	0	1	6	6	4	10	15	0	6	8	8	17	40	8	12	9	20	22	54	8	15	14	12	12	7	13	4	31	12	0	45	12	35	10	65	4	7	15	4	43	75	20	28	0	68	0	30	9	0	19	30	70	5	19	13	9	8	17	0	15	3	16	3	8	0	9	11	10	19	4	4	4	9	22	12	8	0	17	16	25	34	32	12	21	9
2013-05-10 16:17:00	5	3	0	2	0	3	0	0	13	12	0	24	3	4	0	0	1	6	6	4	10	15	0	6	8	8	17	40	8	12	9	20	22	54	8	15	14	12	12	7	13	4	31	12	0	45	12	35	10	65	4	7	15	4	43	75	20	28	0	68	0	30	9	0	19	30	70	5	19	13	9	8	17	0	15	3	16	3	8	0	9	11	10	19	7	4	4	9	22	12	8	0	17	16	25	34	32	12	21	9
2013-05-14 09:53:45	5	3	0	7	0	3	0	0	13	12	0	24	3	4	0	0	1	6	6	4	10	15	0	6	8	8	17	40	8	12	9	20	22	54	8	15	14	12	12	7	13	4	31	12	0	45	12	35	10	65	4	7	15	4	43	75	20	28	0	68	0	30	9	0	19	30	70	5	19	13	9	8	17	0	15	3	16	3	8	0	9	11	10	19	7	4	4	9	22	12	8	0	17	16	25	34	32	12	21	9
2013-07-25 10:15:13	5	3	0	7	0	3	0	0	13	12	0	24	4	4	0	0	1	6	6	4	10	15	0	6	8	8	17	40	8	12	9	20	22	54	8	15	14	12	12	7	13	4	31	12	0	45	12	35	10	65	4	7	15	4	43	75	20	28	0	68	0	30	9	0	19	30	70	5	19	13	9	8	17	0	15	3	16	3	8	0	9	11	10	19	7	4	4	9	22	12	8	0	17	16	25	34	32	12	21	9