2013-01-24 17:46:19	0	0	0	0	0	0	0	0	0	0	0	0	0	0	0	0	0	0	0	0	0	0	0	0	0	0	0	0	0	0	0	0	0	0	0	0	0	0	0	0	0	0	0	0	0	0	0	0	0	0	0	0	0	0	0	0	0	0	0	0	0	0	0	0	0	0	0	0	0	0	0	0	0	0	0	0	0	0	0	0	0	0	0	0	0	0	0	0	0	0	0	0	0	0	0	0	0	0	0	0
2013-02-06 15:40:19	0	0	0	0	0	0	0	0	0	0	0	1	0	0	0	0	0	0	0	0	0	0	0	0	0	0	0	0	0	0	0	0	0	0	0	0	0	0	0	0	0	0	0	0	0	0	0	0	0	0	0	0	0	0	0	0	0	0	0	0	0	0	0	0	0	0	0	0	0	0	0	0	0	0	0	0	0	0	0	0	0	0	0	0	0	0	0	0	0	0	0	0	0	0	0	0	0	0	0	0
2013-02-06 17:24:24	0	1	0	0	0	0	0	0	0	0	0	1	0	0	0	0	0	0	0	0	0	0	0	0	0	0	0	0	0	0	0	0	0	0	0	0	0	0	0	0	0	0	0	0	0	0	0	0	0	0	0	0	0	0	0	0	0	0	0	0	0	0	0	0	0	0	0	0	0	0	0	0	0	0	0	0	0	0	0	0	0	0	0	0	0	0	0	0	0	0	0	0	0	0	0	0	0	0	0	0
2013-02-06 21:00:35	0	1	0	0	0	0	0	0	0	0	0	1	0	0	0	0	0	0	0	0	0	0	0	0	0	0	0	0	0	0	0	0	0	1	0	0	0	0	0	0	0	0	0	0	0	0	0	0	0	0	0	0	0	0	0	0	0	0	0	0	0	0	0	0	0	0	0	0	0	0	0	0	0	0	0	0	0	0	0	0	0	0	0	0	0	0	0	0	0	0	0	0	0	0	0	0	0	0	0	0
2013-02-07 02:40:15	0	1	0	0	0	0	0	0	0	0	0	1	0	0	0	0	0	0	0	0	0	1	0	0	0	0	0	0	0	0	0	0	0	1	0	0	0	0	0	0	0	0	0	0	0	0	0	0	0	0	0	0	0	0	0	0	0	0	0	0	0	0	0	0	0	0	0	0	0	0	0	0	0	0	0	0	0	0	0	0	0	0	0	0	0	0	0	0	0	0	0	0	0	0	0	0	0	0	0	0
2013-02-07 13:43:19	0	1	0	0	0	0	0	0	0	0	0	1	0	0	0	0	0	0	0	0	0	1	0	0	0	0	0	0	0	0	0	0	0	1	0	0	0	0	0	0	0	0	0	0	0	0	0	0	0	0	0	0	0	0	0	0	0	0	0	1	0	0	0	0	0	0	0	0	0	0	0	0	0	0	0	0	0	0	0	0	0	0	0	0	0	0	0	0	0	0	0	0	0	0	0	0	0	0	0	0
2013-02-07 13:46:46	0	1	0	0	0	0	0	0	0	0	0	1	0	0	0	0	0	0	0	0	0	1	0	0	0	0	0	0	0	0	0	0	0	1	0	0	0	0	0	0	0	0	0	0	0	1	0	0	0	0	0	0	0	0	0	0	0	0	0	1	0	0	0	0	0	0	0	0	0	0	0	0	0	0	0	0	0	0	0	0	0	0	0	0	0	0	0	0	0	0	0	0	0	0	0	0	0	0	0	0
2013-02-07 19:04:16	0	1	0	0	0	0	0	0	0	0	0	1	0	0	0	0	0	0	0	0	0	1	0	0	0	0	0	0	0	0	0	0	0	1	0	0	0	0	0	0	0	0	0	0	0	1	0	0	0	1	0	0	0	0	0	0	0	0	0	1	0	0	0	0	0	0	0	0	0	0	0	0	0	0	0	0	0	0	0	0	0	0	0	0	0	0	0	0	0	0	0	0	0	0	0	0	0	0	0	0
2013-02-07 21:21:33	0	1	0	0	0	0	0	0	0	0	0	1	0	0	0	0	0	0	0	0	0	1	0	0	0	0	0	0	0	0	0	0	0	1	0	0	0	0	0	0	0	0	0	0	0	1	0	0	0	2	0	0	0	0	0	0	0	0	0	1	0	0	0	0	0	0	0	0	0	0	0	0	0	0	0	0	0	0	0	0	0	0	0	0	0	0	0	0	0	0	0	0	0	0	0	0	0	0	0	0
2013-02-07 21:28:38	0	1	0	0	0	0	0	0	0	0	0	1	0	0	0	0	0	0	0	0	0	1	0	0	0	0	0	0	0	0	0	0	0	1	0	0	0	0	0	0	0	0	0	0	0	1	0	0	0	2	0	0	0	0	0	1	0	0	0	1	0	0	0	0	0	0	0	0	0	0	0	0	0	0	0	0	0	0	0	0	0	0	0	0	0	0	0	0	0	0	0	0	0	0	0	0	0	0	0	0
2013-02-08 00:19:05	0	1	0	0	0	0	0	0	0	0	0	1	0	0	0	0	0	0	0	0	0	1	0	0	0	0	0	0	0	0	0	0	0	1	0	0	0	0	0	0	0	0	0	0	0	1	0	0	0	2	0	0	0	0	1	1	0	0	0	1	0	0	0	0	0	0	0	0	0	0	0	0	0	0	0	0	0	0	0	0	0	0	0	0	0	0	0	0	0	0	0	0	0	0	0	0	0	0	0	0
2013-02-08 00:23:49	0	1	0	0	0	0	0	0	0	0	0	1	0	0	0	0	0	0	0	0	0	1	0	0	0	0	0	0	0	0	0	0	1	1	0	0	0	0	0	0	0	0	0	0	0	1	0	0	0	2	0	0	0	0	1	1	0	0	0	1	0	0	0	0	0	0	0	0	0	0	0	0	0	0	0	0	0	0	0	0	0	0	0	0	0	0	0	0	0	0	0	0	0	0	0	0	0	0	0	0
2013-02-08 00:34:50	0	1	0	0	0	0	0	0	0	0	0	1	0	0	0	0	0	0	0	0	0	1	0	0	0	0	0	0	0	0	0	0	1	1	0	0	0	1	0	0	0	0	0	0	0	1	0	0	0	2	0	0	0	0	1	1	0	0	0	1	0	0	0	0	0	0	0	0	0	0	0	0	0	0	0	0	0	0	0	0	0	0	0	0	0	0	0	0	0	0	0	0	0	0	0	0	0	0	0	0
2013-02-08 00:36:11	0	1	0	0	0	0	0	0	0	0	0	1	0	0	0	0	0	0	0	0	0	1	0	0	0	0	0	0	0	0	0	0	1	1	0	0	0	1	0	0	0	0	0	0	0	1	0	0	0	2	0	0	0	0	1	1	0	0	0	1	0	0	0	0	1	0	0	0	0	0	0	0	0	0	0	0	0	0	0	0	0	0	0	0	0	0	0	0	0	0	0	0	0	0	0	0	0	0	0	0
2013-02-08 00:50:26	0	1	0	0	0	0	0	0	0	0	0	1	0	0	0	0	0	0	0	0	0	1	0	0	0	0	0	0	0	0	0	0	1	2	0	0	0	1	0	0	0	0	0	0	0	1	0	0	0	2	0	0	0	0	1	1	0	0	0	1	0	0	0	0	1	0	0	0	0	0	0	0	0	0	0	0	0	0	0	0	0	0	0	0	0	0	0	0	0	0	0	0	0	0	0	0	0	0	0	0
2013-02-08 00:55:27	0	1	0	0	0	0	0	0	0	0	0	1	0	0	0	0	0	0	0	0	0	1	0	0	0	0	0	0	0	0	0	0	1	3	0	0	0	1	0	0	0	0	0	0	0	1	0	0	0	2	0	0	0	0	1	1	0	0	0	1	0	0	0	0	1	0	0	0	0	0	0	0	0	0	0	0	0	0	0	0	0	0	0	0	0	0	0	0	0	0	0	0	0	0	0	0	0	0	0	0
2013-02-08 02:52:24	0	1	0	0	0	0	0	0	0	0	0	1	0	0	0	0	0	0	0	0	0	1	0	0	0	0	0	0	0	0	0	0	2	3	0	0	0	1	0	0	0	0	0	0	0	1	0	0	0	2	0	0	0	0	1	1	0	0	0	1	0	0	0	0	1	0	0	0	0	0	0	0	0	0	0	0	0	0	0	0	0	0	0	0	0	0	0	0	0	0	0	0	0	0	0	0	0	0	0	0
2013-02-08 10:26:50	0	1	0	0	0	0	0	0	0	0	0	1	0	0	0	0	0	0	0	0	0	1	0	0	0	0	0	0	0	0	0	0	2	3	0	0	0	1	0	0	0	0	0	0	0	1	0	0	0	2	0	0	0	0	1	1	0	0	0	1	0	0	0	0	1	0	0	0	0	0	0	0	0	0	0	0	0	0	0	0	0	0	0	0	0	0	0	0	0	0	0	0	0	0	0	1	0	0	0	0
2013-02-08 10:30:24	0	1	0	0	0	0	0	0	0	0	0	1	0	0	0	0	0	0	0	0	0	1	0	0	0	0	0	0	0	0	0	0	2	3	0	0	0	1	0	0	0	0	0	0	0	1	0	0	0	2	0	0	0	0	1	1	0	0	0	1	0	1	0	0	1	0	0	0	0	0	0	0	0	0	0	0	0	0	0	0	0	0	0	0	0	0	0	0	0	0	0	0	0	0	0	1	0	0	0	0
2013-02-08 16:23:08	0	1	0	0	0	0	0	0	0	0	0	1	0	0	0	0	0	0	0	0	0	1	0	0	0	0	0	0	0	0	0	0	2	3	0	0	0	1	0	0	0	0	0	0	0	1	0	0	0	2	0	0	0	0	1	1	0	0	0	1	0	1	0	0	1	1	0	0	0	0	0	0	0	0	0	0	0	0	0	0	0	0	0	0	0	0	0	0	0	0	0	0	0	0	0	1	0	0	0	0
2013-02-08 16:35:14	0	1	0	0	0	0	0	0	0	0	0	1	0	0	0	0	0	0	0	0	0	1	0	0	0	0	0	0	0	0	0	0	2	3	0	0	0	1	0	0	0	0	0	0	0	1	0	0	0	2	0	0	0	0	1	1	1	0	0	1	0	1	0	0	1	1	0	0	0	0	0	0	0	0	0	0	0	0	0	0	0	0	0	0	0	0	0	0	0	0	0	0	0	0	0	1	0	0	0	0
2013-02-08 16:51:50	0	1	0	0	0	0	0	0	0	0	0	1	0	0	0	0	0	0	0	0	0	1	0	0	0	0	0	0	0	0	0	0	2	3	0	0	0	1	0	0	0	0	0	0	0	1	0	0	0	2	0	0	0	0	1	1	1	0	0	2	0	1	0	0	1	1	0	0	0	0	0	0	0	0	0	0	0	0	0	0	0	0	0	0	0	0	0	0	0	0	0	0	0	0	0	1	0	0	0	0
2013-02-08 18:38:20	0	1	0	0	0	0	0	0	0	0	0	1	0	0	0	0	0	0	0	0	0	1	0	0	0	0	0	0	0	0	0	0	2	3	0	0	0	1	0	0	0	0	0	0	0	1	0	0	0	2	0	0	0	0	1	1	1	0	0	3	0	1	0	0	1	1	0	0	0	0	0	0	0	0	0	0	0	0	0	0	0	0	0	0	0	0	0	0	0	0	0	0	0	0	0	1	0	0	0	0
2013-02-08 18:50:06	0	1	0	0	0	0	0	0	0	0	0	1	0	0	0	0	0	0	0	0	0	1	0	0	0	0	0	0	0	0	0	0	2	3	0	0	0	1	0	0	0	0	0	0	0	1	0	0	0	3	0	0	0	0	1	1	1	0	0	3	0	1	0	0	1	1	0	0	0	0	0	0	0	0	0	0	0	0	0	0	0	0	0	0	0	0	0	0	0	0	0	0	0	0	0	1	0	0	0	0
2013-02-09 16:33:57	0	1	0	0	0	0	0	0	0	0	0	1	0	0	0	0	0	0	0	0	0	1	0	0	0	0	0	0	0	0	0	0	2	3	0	0	0	1	0	0	0	0	1	0	0	1	0	0	0	3	0	0	0	0	1	1	1	0	0	3	0	1	0	0	1	1	0	0	0	0	0	0	0	0	0	0	0	0	0	0	0	0	0	0	0	0	0	0	0	0	0	0	0	0	0	1	0	0	0	0
2013-02-09 16:41:04	0	1	0	0	0	0	0	0	0	0	0	1	0	0	0	0	0	0	0	0	0	1	0	0	0	0	0	0	0	0	0	0	2	3	0	0	0	1	0	0	0	0	1	0	0	1	0	0	0	3	0	0	0	0	1	1	1	0	0	3	0	1	0	0	1	1	0	0	0	0	0	1	0	0	0	0	0	0	0	0	0	0	0	0	0	0	0	0	0	0	0	0	0	0	0	1	0	0	0	0
2013-02-09 16:44:01	0	1	0	0	0	0	0	0	0	0	0	1	0	0	0	0	0	0	0	0	0	1	0	0	0	0	0	0	0	0	0	0	2	3	0	0	0	1	0	0	0	0	1	0	0	1	0	0	0	3	0	0	0	0	1	1	1	0	0	3	0	1	0	0	1	1	0	0	0	0	0	1	1	0	0	0	0	0	0	0	0	0	0	0	0	0	0	0	0	0	0	0	0	0	0	1	0	0	0	0
2013-02-09 20:02:27	0	1	0	0	0	0	0	0	0	0	0	1	0	0	0	0	0	0	0	0	0	1	0	0	0	0	0	0	0	0	0	0	2	3	0	0	0	1	0	0	0	0	1	0	0	1	0	0	0	3	0	0	0	0	1	1	1	0	0	3	0	1	0	0	1	1	0	0	0	0	0	1	2	0	0	0	0	0	0	0	0	0	0	0	0	0	0	0	0	0	0	0	0	0	0	1	0	0	0	0
2013-02-09 20:22:21	0	1	0	0	0	0	0	0	0	0	0	1	0	0	0	0	0	0	0	0	0	1	0	0	0	0	0	0	0	0	0	0	2	3	0	0	0	1	0	0	0	0	1	1	0	1	0	0	0	3	0	0	0	0	1	1	1	0	0	3	0	1	0	0	1	1	0	0	0	0	0	1	2	0	0	0	0	0	0	0	0	0	0	0	0	0	0	0	0	0	0	0	0	0	0	1	0	0	0	0
2013-02-09 20:36:49	0	1	0	0	0	0	0	0	0	0	0	1	0	0	0	0	0	0	0	0	0	1	0	0	0	0	0	0	0	0	0	0	2	3	0	0	0	1	0	1	0	0	1	1	0	1	0	0	0	3	0	0	0	0	1	1	1	0	0	3	0	1	0	0	1	1	0	0	0	0	0	1	2	0	0	0	0	0	0	0	0	0	0	0	0	0	0	0	0	0	0	0	0	0	0	1	0	0	0	0
2013-02-09 20:41:51	0	1	0	0	0	0	0	0	0	0	0	1	0	0	0	0	0	0	0	0	0	1	0	0	0	0	0	0	0	0	0	0	3	3	0	0	0	1	0	1	0	0	1	1	0	1	0	0	0	3	0	0	0	0	1	1	1	0	0	3	0	1	0	0	1	1	0	0	0	0	0	1	2	0	0	0	0	0	0	0	0	0	0	0	0	0	0	0	0	0	0	0	0	0	0	1	0	0	0	0
2013-02-09 21:54:33	0	1	0	0	0	0	0	0	0	0	0	1	0	0	0	0	0	0	0	0	0	1	0	0	0	0	0	0	0	0	0	0	3	3	0	1	0	1	0	1	0	0	1	1	0	1	0	0	0	3	0	0	0	0	1	1	1	0	0	3	0	1	0	0	1	1	0	0	0	0	0	1	2	0	0	0	0	0	0	0	0	0	0	0	0	0	0	0	0	0	0	0	0	0	0	1	0	0	0	0
2013-02-09 21:59:01	0	1	0	0	0	0	0	0	0	0	0	1	0	0	0	0	0	0	0	0	0	1	0	0	0	0	0	1	0	0	0	0	3	3	0	1	0	1	0	1	0	0	1	1	0	1	0	0	0	3	0	0	0	0	1	1	1	0	0	3	0	1	0	0	1	1	0	0	0	0	0	1	2	0	0	0	0	0	0	0	0	0	0	0	0	0	0	0	0	0	0	0	0	0	0	1	0	0	0	0
2013-02-09 22:10:17	0	1	0	0	0	0	0	0	0	0	0	1	0	0	0	0	0	0	0	0	0	1	0	0	0	0	0	2	0	0	0	0	3	3	0	1	0	1	0	1	0	0	1	1	0	1	0	0	0	3	0	0	0	0	1	1	1	0	0	3	0	1	0	0	1	1	0	0	0	0	0	1	2	0	0	0	0	0	0	0	0	0	0	0	0	0	0	0	0	0	0	0	0	0	0	1	0	0	0	0
2013-02-09 22:16:57	0	1	0	0	0	0	0	0	0	0	0	1	0	0	0	0	0	0	0	0	1	1	0	0	0	0	0	2	0	0	0	0	3	3	0	1	0	1	0	1	0	0	1	1	0	1	0	0	0	3	0	0	0	0	1	1	1	0	0	3	0	1	0	0	1	1	0	0	0	0	0	1	2	0	0	0	0	0	0	0	0	0	0	0	0	0	0	0	0	0	0	0	0	0	0	1	0	0	0	0
2013-02-09 22:18:34	0	1	0	0	0	0	0	0	0	0	0	1	0	0	0	0	0	0	0	0	1	1	0	0	0	0	0	3	0	0	0	0	3	3	0	1	0	1	0	1	0	0	1	1	0	1	0	0	0	3	0	0	0	0	1	1	1	0	0	3	0	1	0	0	1	1	0	0	0	0	0	1	2	0	0	0	0	0	0	0	0	0	0	0	0	0	0	0	0	0	0	0	0	0	0	1	0	0	0	0
2013-02-10 00:43:58	0	1	0	0	0	0	0	0	0	0	0	1	0	0	0	0	0	0	0	0	1	1	0	0	0	0	0	3	0	0	0	0	3	3	0	1	0	1	0	1	0	0	1	1	0	1	0	0	0	3	0	0	0	0	1	1	1	0	0	3	0	1	0	0	1	1	0	0	0	0	0	1	3	0	0	0	0	0	0	0	0	0	0	0	0	0	0	0	0	0	0	0	0	0	0	1	0	0	0	0
2013-02-10 23:49:13	0	1	0	0	0	0	0	0	0	0	0	1	0	0	0	0	0	0	0	0	1	1	0	0	0	0	0	3	0	0	0	0	3	3	0	1	0	1	0	1	0	0	1	1	0	1	0	0	0	3	0	0	0	0	1	1	1	0	0	3	0	1	0	0	1	1	0	0	0	0	0	1	3	0	0	0	0	1	0	0	0	0	0	0	0	0	0	0	0	0	0	0	0	0	0	1	0	0	0	0
2013-02-11 14:14:16	0	1	0	0	0	0	0	0	0	0	0	1	0	0	0	0	0	0	0	0	1	1	0	0	0	0	0	3	0	0	0	0	3	3	0	1	0	1	0	1	0	0	1	1	0	1	0	0	0	3	0	0	0	0	1	1	1	0	0	3	0	1	0	0	1	1	0	0	0	0	0	1	3	0	0	0	0	1	0	0	0	0	0	0	0	0	0	0	0	0	1	0	0	0	0	1	0	0	0	0
2013-02-11 15:49:44	0	1	0	0	0	0	0	0	0	0	0	1	0	0	0	0	0	0	0	0	1	1	0	0	0	0	0	3	0	0	0	0	3	3	0	1	0	1	0	1	0	1	1	1	0	1	0	0	0	3	0	0	0	0	1	1	1	0	0	3	0	1	0	0	1	1	0	0	0	0	0	1	3	0	0	0	0	1	0	0	0	0	0	0	0	0	0	0	0	0	1	0	0	0	0	1	0	0	0	0
2013-02-11 15:55:02	0	1	0	0	0	0	0	0	0	0	0	1	0	0	0	0	0	0	0	0	1	1	0	0	0	0	0	3	0	0	0	0	3	3	0	1	0	1	0	1	0	1	1	1	0	1	1	0	0	3	0	0	0	0	1	1	1	0	0	3	0	1	0	0	1	1	0	0	0	0	0	1	3	0	0	0	0	1	0	0	0	0	0	0	0	0	0	0	0	0	1	0	0	0	0	1	0	0	0	0
2013-02-11 15:58:35	0	1	0	0	0	0	0	0	0	0	0	1	0	0	0	0	0	0	0	0	1	1	0	0	0	0	0	3	0	0	0	0	3	3	0	1	0	1	0	1	0	1	1	1	0	2	1	0	0	3	0	0	0	0	1	1	1	0	0	3	0	1	0	0	1	1	0	0	0	0	0	1	3	0	0	0	0	1	0	0	0	0	0	0	0	0	0	0	0	0	1	0	0	0	0	1	0	0	0	0
2013-02-11 16:00:31	0	1	0	0	0	0	0	0	0	0	0	1	0	0	0	0	0	0	0	0	1	1	0	0	0	0	0	3	0	0	0	0	3	3	0	1	0	1	0	1	0	1	1	1	0	2	1	1	0	3	0	0	0	0	1	1	1	0	0	3	0	1	0	0	1	1	0	0	0	0	0	1	3	0	0	0	0	1	0	0	0	0	0	0	0	0	0	0	0	0	1	0	0	0	0	1	0	0	0	0
2013-02-11 16:07:27	0	1	0	0	0	0	0	0	0	0	0	1	0	0	0	0	0	0	0	0	1	1	0	0	0	0	0	3	0	0	0	0	3	3	0	1	0	1	0	1	0	1	1	2	0	2	1	1	0	3	0	0	0	0	1	1	1	0	0	3	0	1	0	0	1	1	0	0	0	0	0	1	3	0	0	0	0	1	0	0	0	0	0	0	0	0	0	0	0	0	1	0	0	0	0	1	0	0	0	0
2013-02-11 16:16:17	0	1	0	0	0	0	0	0	0	0	0	1	0	0	0	0	0	0	0	0	1	1	0	0	0	0	0	3	0	0	0	0	3	3	0	1	0	1	0	1	0	1	2	2	0	2	1	1	0	3	0	0	0	0	1	1	1	0	0	3	0	1	0	0	1	1	0	0	0	0	0	1	3	0	0	0	0	1	0	0	0	0	0	0	0	0	0	0	0	0	1	0	0	0	0	1	0	0	0	0
2013-02-11 22:01:36	0	1	0	0	0	0	0	0	0	0	0	1	0	0	0	0	0	0	0	0	1	1	0	0	0	0	0	3	0	0	0	0	3	3	0	1	0	1	0	1	1	1	2	2	0	2	1	1	0	3	0	0	0	0	1	1	1	0	0	3	0	1	0	0	1	1	0	0	0	0	0	1	3	0	0	0	0	1	0	0	0	0	0	0	0	0	0	0	0	0	1	0	0	0	0	1	0	0	0	0
2013-02-11 22:57:11	0	1	0	0	0	0	0	0	0	0	0	1	0	0	0	0	0	0	0	0	1	1	0	0	0	0	0	3	0	0	0	0	3	3	0	1	0	1	0	1	1	1	2	2	0	2	1	1	0	3	0	0	0	0	1	1	1	0	0	4	0	1	0	0	1	1	0	0	0	0	0	1	3	0	0	0	0	1	0	0	0	0	0	0	0	0	0	0	0	0	1	0	0	0	0	1	0	0	0	0
2013-02-12 01:06:56	0	1	0	0	0	0	0	0	0	0	0	1	0	0	0	0	0	0	0	0	1	1	0	0	0	0	0	3	0	0	0	0	3	3	0	1	0	1	0	1	1	1	2	2	0	2	1	1	0	3	0	0	0	0	1	1	1	0	0	5	0	1	0	0	1	1	0	0	0	0	0	1	3	0	0	0	0	1	0	0	0	0	0	0	0	0	0	0	0	0	1	0	0	0	0	1	0	0	0	0
2013-02-12 09:48:37	0	1	0	0	0	0	0	0	0	0	0	1	0	0	0	0	0	0	0	0	1	1	0	0	0	0	0	3	0	0	0	0	3	3	0	1	0	1	0	1	1	1	2	2	0	2	1	1	0	3	0	0	0	0	1	2	1	0	0	5	0	1	0	0	1	1	0	0	0	0	0	1	3	0	0	0	0	1	0	0	0	0	0	0	0	0	0	0	0	0	1	0	0	0	0	1	0	0	0	0
2013-02-12 09:52:13	0	1	0	0	0	0	0	0	0	0	0	1	0	0	0	0	0	0	0	0	1	1	0	0	0	0	1	3	0	0	0	0	3	3	0	1	0	1	0	1	1	1	2	2	0	2	1	1	0	3	0	0	0	0	1	2	1	0	0	5	0	1	0	0	1	1	0	0	0	0	0	1	3	0	0	0	0	1	0	0	0	0	0	0	0	0	0	0	0	0	1	0	0	0	0	1	0	0	0	0
2013-02-12 11:39:58	0	1	0	0	0	0	0	0	0	0	0	1	0	0	0	0	0	0	0	0	1	1	0	0	1	0	1	3	0	0	0	0	3	3	0	1	0	1	0	1	1	1	2	2	0	2	1	1	0	3	0	0	0	0	1	2	1	0	0	5	0	1	0	0	1	1	0	0	0	0	0	1	3	0	0	0	0	1	0	0	0	0	0	0	0	0	0	0	0	0	1	0	0	0	0	1	0	0	0	0
2013-02-12 14:32:16	0	1	0	0	0	0	0	0	0	0	0	1	0	0	0	0	0	0	0	0	1	1	1	0	1	0	1	3	0	0	0	0	3	3	0	1	0	1	0	1	1	1	2	2	0	2	1	1	0	3	0	0	0	0	1	2	1	0	0	5	0	1	0	0	1	1	0	0	0	0	0	1	3	0	0	0	0	1	0	0	0	0	0	0	0	0	0	0	0	0	1	0	0	0	0	1	0	0	0	0
2013-02-12 17:19:55	0	1	0	0	0	0	0	0	0	0	0	1	0	0	0	0	0	0	0	0	1	1	2	0	1	0	1	3	0	0	0	0	3	3	0	1	0	1	0	1	1	1	2	2	0	2	1	1	0	3	0	0	0	0	1	2	1	0	0	5	0	1	0	0	1	1	0	0	0	0	0	1	3	0	0	0	0	1	0	0	0	0	0	0	0	0	0	0	0	0	1	0	0	0	0	1	0	0	0	0
2013-02-12 17:24:15	0	1	0	0	0	0	0	0	0	0	0	1	0	0	0	0	0	0	0	0	1	1	2	0	1	0	1	3	0	0	0	0	3	3	0	1	0	1	0	1	1	1	2	2	0	2	1	1	0	3	0	0	0	0	1	2	1	0	0	5	0	1	0	0	1	1	0	0	0	0	0	1	3	0	0	0	0	1	0	0	0	0	0	1	0	0	0	0	0	0	1	0	0	0	0	1	0	0	0	0
2013-02-12 17:34:15	0	1	0	0	0	0	0	0	0	0	0	1	0	0	0	0	0	0	0	0	1	1	2	0	1	0	1	3	0	0	0	0	3	3	0	1	0	1	0	1	1	1	2	2	0	2	1	1	0	3	0	0	0	0	1	2	1	0	0	5	0	1	0	0	1	1	0	0	0	0	0	1	3	0	0	0	0	1	0	0	0	1	0	1	0	0	0	0	0	0	1	0	0	0	0	1	0	0	0	0
2013-02-12 17:39:40	0	1	0	0	0	0	0	0	0	0	0	1	0	0	0	0	0	0	0	0	1	1	2	0	1	0	1	3	0	0	0	0	3	3	0	1	0	1	0	1	1	1	2	2	0	2	1	1	0	3	0	0	0	0	1	2	1	0	0	5	0	1	0	0	1	1	0	0	0	0	0	1	3	0	0	0	0	1	0	0	0	1	0	1	1	0	0	0	0	0	1	0	0	0	0	1	0	0	0	0
2013-02-12 17:43:54	0	1	0	0	0	0	0	0	0	0	0	1	0	0	0	0	0	0	0	0	1	1	2	0	1	0	1	3	0	0	0	0	3	3	0	1	0	1	0	1	1	1	2	2	0	2	1	1	0	3	0	0	0	0	1	2	1	0	0	5	0	1	0	0	1	1	0	0	0	0	0	1	3	0	0	0	0	1	0	0	0	1	1	1	1	0	0	0	0	0	1	0	0	0	0	1	0	0	0	0
2013-02-12 17:43:55	0	1	0	0	0	0	0	0	0	0	0	1	0	0	0	0	0	0	0	0	1	1	2	0	1	0	1	3	0	0	0	0	3	3	0	1	0	1	0	1	1	1	2	2	0	2	1	1	0	3	0	0	0	0	1	2	1	0	0	5	0	1	0	0	1	1	0	0	0	0	0	1	3	0	0	0	0	1	0	0	0	1	1	1	1	0	0	1	0	0	1	0	0	0	0	1	0	0	0	0
2013-02-12 18:19:03	0	1	0	0	0	0	0	0	0	0	0	1	0	0	0	0	0	0	0	0	1	1	2	0	1	0	1	3	0	0	0	0	3	3	0	1	0	1	0	1	1	1	2	2	0	2	1	1	0	3	0	0	0	0	1	2	1	0	0	5	0	1	0	0	1	1	0	0	0	0	0	1	3	0	0	0	0	1	0	0	0	1	1	1	1	0	0	2	0	0	1	0	0	0	0	1	0	0	0	0
2013-02-12 18:34:02	0	1	0	0	0	0	0	0	0	0	0	1	0	0	0	0	0	0	0	0	1	1	2	0	1	0	1	3	0	0	0	0	3	3	0	1	0	1	0	1	1	1	2	2	0	2	1	1	0	3	0	0	0	0	1	2	1	0	0	5	0	1	0	0	1	1	0	0	0	0	0	1	3	0	0	0	0	1	0	0	0	1	1	1	1	0	0	2	0	1	1	0	0	0	0	1	0	0	0	0
2013-02-13 04:46:07	0	1	0	0	0	0	0	0	0	0	0	1	0	0	0	0	0	0	0	0	1	1	2	0	1	0	1	3	0	0	0	0	3	3	0	1	0	1	0	1	1	1	2	2	0	2	1	1	0	3	0	0	0	0	1	2	1	0	0	5	0	1	0	0	1	1	0	0	0	0	0	1	3	0	0	0	0	1	0	0	0	1	1	1	1	0	0	2	1	1	1	0	0	0	0	1	0	0	0	0
2013-02-13 04:58:23	0	1	0	0	0	0	0	0	0	0	0	1	0	0	0	0	0	0	0	0	1	1	2	0	1	0	1	3	0	0	0	0	3	3	0	1	0	1	0	1	1	1	2	2	0	2	1	1	0	3	0	0	0	0	1	2	1	0	0	5	0	1	0	0	1	1	0	0	0	0	0	1	3	0	0	0	0	1	0	0	0	1	1	1	1	0	0	2	1	1	1	0	0	0	0	1	0	0	1	0
2013-02-13 08:44:15	0	1	0	0	0	0	0	0	0	0	0	1	0	0	0	0	0	0	0	0	1	1	2	0	1	0	1	3	0	0	0	0	3	3	0	1	0	1	0	1	1	1	2	2	0	2	1	1	0	3	0	0	0	0	1	2	1	0	0	5	0	1	0	0	1	1	0	0	0	0	0	1	3	0	0	0	0	1	0	0	0	1	1	1	1	0	0	2	1	1	1	0	0	0	0	2	0	0	1	0
2013-02-13 08:51:47	0	1	0	0	0	0	0	0	0	0	0	1	0	0	0	0	0	0	0	0	1	1	2	0	1	0	1	3	0	0	0	0	3	3	0	1	0	1	1	1	1	1	2	2	0	2	1	1	0	3	0	0	0	0	1	2	1	0	0	5	0	1	0	0	1	1	0	0	0	0	0	1	3	0	0	0	0	1	0	0	0	1	1	1	1	0	0	2	1	1	1	0	0	0	0	2	0	0	1	0
2013-02-13 09:19:12	0	1	0	0	0	0	0	0	0	0	0	1	0	0	0	0	0	0	0	0	1	1	2	0	1	0	1	3	0	0	0	0	3	3	1	1	0	1	1	1	1	1	2	2	0	2	1	1	0	3	0	0	0	0	1	2	1	0	0	5	0	1	0	0	1	1	0	0	0	0	0	1	3	0	0	0	0	1	0	0	0	1	1	1	1	0	0	2	1	1	1	0	0	0	0	2	0	0	1	0
2013-02-13 21:13:49	0	1	0	0	0	0	0	0	0	0	0	1	0	0	0	0	0	0	0	0	1	1	2	0	1	0	1	3	0	0	0	0	3	3	1	1	0	2	1	1	1	1	2	2	0	2	1	1	0	3	0	0	0	0	1	2	1	0	0	5	0	1	0	0	1	1	0	0	0	0	0	1	3	0	0	0	0	1	0	0	0	1	1	1	1	0	0	2	1	1	1	0	0	0	0	2	0	0	1	0
2013-02-13 21:27:49	0	1	0	0	0	0	0	0	0	0	0	1	0	0	0	0	0	0	0	0	1	1	2	0	1	0	1	3	0	0	0	0	3	3	1	1	0	2	1	1	1	1	2	2	0	2	1	1	1	3	0	0	0	0	1	2	1	0	0	5	0	1	0	0	1	1	0	0	0	0	0	1	3	0	0	0	0	1	0	0	0	1	1	1	1	0	0	2	1	1	1	0	0	0	0	2	0	0	1	0
2013-02-13 21:29:52	0	1	0	0	0	0	0	0	0	0	0	1	0	0	0	0	0	0	0	0	1	1	2	0	1	0	1	3	0	0	0	0	3	3	1	1	0	2	1	1	1	1	2	2	0	2	1	1	1	4	0	0	0	0	1	2	1	0	0	5	0	1	0	0	1	1	0	0	0	0	0	1	3	0	0	0	0	1	0	0	0	1	1	1	1	0	0	2	1	1	1	0	0	0	0	2	0	0	1	0
2013-02-13 21:40:21	0	1	0	0	0	0	0	0	0	0	0	1	0	0	0	0	0	0	0	0	1	1	2	0	1	0	1	3	0	0	0	0	3	3	1	1	0	2	1	1	1	1	2	2	0	3	1	1	1	4	0	0	0	0	1	2	1	0	0	5	0	1	0	0	1	1	0	0	0	0	0	1	3	0	0	0	0	1	0	0	0	1	1	1	1	0	0	2	1	1	1	0	0	0	0	2	0	0	1	0
2013-02-13 21:57:54	0	1	0	0	0	0	0	0	0	0	0	1	0	0	0	0	0	0	0	0	1	1	2	0	1	0	1	3	0	0	0	0	3	3	1	1	0	2	1	1	1	1	2	2	0	3	1	1	2	4	0	0	0	0	1	2	1	0	0	5	0	1	0	0	1	1	0	0	0	0	0	1	3	0	0	0	0	1	0	0	0	1	1	1	1	0	0	2	1	1	1	0	0	0	0	2	0	0	1	0
2013-02-13 21:59:27	0	1	0	0	0	0	0	0	0	0	0	1	0	0	0	0	0	0	0	0	1	1	2	0	1	0	1	3	0	0	0	0	3	3	1	1	0	2	1	1	1	1	3	2	0	3	1	1	2	4	0	0	0	0	1	2	1	0	0	5	0	1	0	0	1	1	0	0	0	0	0	1	3	0	0	0	0	1	0	0	0	1	1	1	1	0	0	2	1	1	1	0	0	0	0	2	0	0	1	0
2013-02-13 22:15:57	0	1	0	0	0	0	0	0	0	0	0	1	0	0	0	0	0	0	0	0	1	1	2	0	1	0	1	3	0	0	0	0	3	3	1	1	0	2	1	1	1	1	4	2	0	3	1	1	2	4	0	0	0	0	1	2	1	0	0	5	0	1	0	0	1	1	0	0	0	0	0	1	3	0	0	0	0	1	0	0	0	1	1	1	1	0	0	2	1	1	1	0	0	0	0	2	0	0	1	0
2013-02-13 22:20:35	0	1	0	0	0	0	0	0	0	0	0	1	0	0	0	0	0	0	0	0	1	1	2	0	1	0	1	3	0	0	0	0	3	3	1	1	0	2	1	1	1	1	4	2	0	4	1	1	2	4	0	0	0	0	1	2	1	0	0	5	0	1	0	0	1	1	0	0	0	0	0	1	3	0	0	0	0	1	0	0	0	1	1	1	1	0	0	2	1	1	1	0	0	0	0	2	0	0	1	0
2013-02-14 04:30:07	0	1	0	0	0	0	0	0	0	0	0	1	0	0	0	0	0	0	0	0	1	1	2	0	1	0	1	3	0	0	0	0	3	3	1	1	0	2	1	1	1	1	4	2	0	4	1	1	2	5	0	0	0	0	1	2	1	0	0	5	0	1	0	0	1	1	0	0	0	0	0	1	3	0	0	0	0	1	0	0	0	1	1	1	1	0	0	2	1	1	1	0	0	0	0	2	0	0	1	0
2013-02-14 08:28:07	0	1	0	0	0	0	0	0	0	0	0	1	0	0	0	0	0	0	0	0	1	1	2	0	1	0	1	3	0	0	0	0	3	3	1	1	0	2	1	1	1	1	4	2	0	4	1	1	2	5	0	0	0	0	1	2	1	0	0	6	0	1	0	0	1	1	0	0	0	0	0	1	3	0	0	0	0	1	0	0	0	1	1	1	1	0	0	2	1	1	1	0	0	0	0	2	0	0	1	0
2013-02-14 11:28:31	0	1	0	0	0	0	0	0	0	0	0	1	0	0	0	0	0	0	0	0	1	1	2	0	1	0	1	3	0	0	0	0	3	3	1	2	0	2	1	1	1	1	4	2	0	4	1	1	2	5	0	0	0	0	1	2	1	0	0	6	0	1	0	0	1	1	0	0	0	0	0	1	3	0	0	0	0	1	0	0	0	1	1	1	1	0	0	2	1	1	1	0	0	0	0	2	0	0	1	0
2013-02-14 23:49:02	0	1	0	0	0	0	0	0	0	0	0	1	0	0	0	0	0	0	0	0	1	1	2	0	1	0	1	3	0	0	0	0	3	3	2	2	0	2	1	1	1	1	4	2	0	4	1	1	2	5	0	0	0	0	1	2	1	0	0	6	0	1	0	0	1	1	0	0	0	0	0	1	3	0	0	0	0	1	0	0	0	1	1	1	1	0	0	2	1	1	1	0	0	0	0	2	0	0	1	0
2013-02-14 23:55:14	0	1	0	0	0	0	0	0	0	0	0	1	0	0	0	0	0	0	0	0	1	1	2	0	1	0	1	3	0	0	0	0	3	3	2	2	0	2	1	1	1	1	4	2	0	4	1	1	2	5	0	0	0	0	2	2	1	0	0	6	0	1	0	0	1	1	0	0	0	0	0	1	3	0	0	0	0	1	0	0	0	1	1	1	1	0	0	2	1	1	1	0	0	0	0	2	0	0	1	0
2013-02-15 00:05:19	0	1	0	0	0	0	0	0	0	0	0	1	0	0	0	0	0	0	0	0	1	1	2	0	1	0	1	3	0	0	0	0	3	3	2	2	0	2	1	1	1	1	4	2	0	4	1	1	2	5	0	0	0	0	3	2	1	0	0	6	0	1	0	0	1	1	0	0	0	0	0	1	3	0	0	0	0	1	0	0	0	1	1	1	1	0	0	2	1	1	1	0	0	0	0	2	0	0	1	0
2013-02-15 00:10:27	0	1	0	0	0	0	0	0	0	0	0	1	0	0	0	0	0	0	0	0	1	1	2	0	1	0	1	3	0	0	0	0	3	3	2	2	0	2	1	1	1	1	4	2	0	4	1	1	2	5	0	0	0	0	4	2	1	0	0	6	0	1	0	0	1	1	0	0	0	0	0	1	3	0	0	0	0	1	0	0	0	1	1	1	1	0	0	2	1	1	1	0	0	0	0	2	0	0	1	0
2013-02-21 03:46:17	0	1	0	0	0	0	0	0	0	0	0	1	0	0	0	0	0	0	0	0	1	1	2	0	1	0	1	3	0	0	0	0	3	3	2	2	0	2	1	1	1	1	4	2	0	4	1	1	2	5	0	0	0	0	5	2	1	0	0	6	0	1	0	0	1	1	0	0	0	0	0	1	3	0	0	0	0	1	0	0	0	1	1	1	1	0	0	2	1	1	1	0	0	0	0	2	0	0	1	0
2013-02-21 03:51:49	0	1	0	0	0	0	0	0	0	0	0	1	0	0	0	0	0	0	0	0	1	1	2	0	1	0	1	3	0	0	0	0	3	3	2	2	0	2	1	1	1	1	4	2	0	4	1	1	2	5	0	0	0	0	5	2	2	0	0	6	0	1	0	0	1	1	0	0	0	0	0	1	3	0	0	0	0	1	0	0	0	1	1	1	1	0	0	2	1	1	1	0	0	0	0	2	0	0	1	0
2013-02-21 04:03:15	0	1	0	0	0	0	0	0	0	0	0	1	0	0	0	0	0	0	0	0	1	1	2	0	1	0	1	3	0	0	0	0	3	3	2	2	0	2	1	1	1	1	4	2	0	4	1	1	2	5	0	0	0	0	5	2	2	1	0	6	0	1	0	0	1	1	0	0	0	0	0	1	3	0	0	0	0	1	0	0	0	1	1	1	1	0	0	2	1	1	1	0	0	0	0	2	0	0	1	0
2013-02-22 05:01:48	0	1	0	0	0	0	0	0	0	0	0	1	0	0	0	0	0	0	0	0	1	1	2	0	1	0	1	3	0	0	0	0	3	3	2	2	0	2	1	1	1	1	4	2	0	4	1	1	2	5	0	0	0	0	5	2	2	2	0	6	0	1	0	0	1	1	0	0	0	0	0	1	3	0	0	0	0	1	0	0	0	1	1	1	1	0	0	2	1	1	1	0	0	0	0	2	0	0	1	0
2013-02-22 05:29:33	0	1	0	0	0	0	0	0	0	0	0	1	0	0	0	0	0	0	0	0	1	1	2	0	1	0	1	3	0	0	0	0	3	3	2	2	0	2	1	1	1	1	4	2	0	4	1	1	2	5	0	0	0	0	6	2	2	2	0	6	0	1	0	0	1	1	0	0	0	0	0	1	3	0	0	0	0	1	0	0	0	1	1	1	1	0	0	2	1	1	1	0	0	0	0	2	0	0	1	0
2013-02-22 05:34:58	0	1	0	0	0	0	0	0	0	0	0	1	0	0	0	0	0	0	0	0	1	1	2	0	1	0	1	3	0	0	0	0	3	3	2	2	0	2	1	1	1	1	4	2	0	4	1	1	2	5	0	0	1	0	6	2	2	2	0	6	0	1	0	0	1	1	0	0	0	0	0	1	3	0	0	0	0	1	0	0	0	1	1	1	1	0	0	2	1	1	1	0	0	0	0	2	0	0	1	0
2013-02-22 05:43:06	0	1	0	0	0	0	0	0	0	0	0	1	0	0	0	0	0	0	0	0	1	1	2	0	1	0	1	3	0	0	0	0	3	3	2	2	0	2	1	1	1	1	4	2	0	4	1	1	2	5	0	0	1	0	6	2	2	3	0	6	0	1	0	0	1	1	0	0	0	0	0	1	3	0	0	0	0	1	0	0	0	1	1	1	1	0	0	2	1	1	1	0	0	0	0	2	0	0	1	0
2013-02-24 11:55:54	0	1	0	0	0	0	0	0	0	0	0	1	0	0	0	0	0	0	0	0	1	1	2	0	1	0	1	3	0	0	0	0	3	3	2	2	0	2	1	1	1	1	4	2	0	4	1	1	2	5	0	0	1	1	6	2	2	3	0	6	0	1	0	0	1	1	0	0	0	0	0	1	3	0	0	0	0	1	0	0	0	1	1	1	1	0	0	2	1	1	1	0	0	0	0	2	0	0	1	0
2013-02-24 11:58:24	0	1	0	0	0	0	0	0	0	0	0	1	0	0	0	0	0	0	0	0	1	1	2	0	1	0	1	3	0	0	0	0	3	3	2	2	0	2	1	1	1	1	4	2	0	4	1	1	2	5	0	0	1	1	6	2	3	3	0	6	0	1	0	0	1	1	0	0	0	0	0	1	3	0	0	0	0	1	0	0	0	1	1	1	1	0	0	2	1	1	1	0	0	0	0	2	0	0	1	0
2013-02-24 12:03:01	0	1	0	0	0	0	0	0	0	0	0	1	0	0	0	0	0	0	0	0	1	1	2	0	1	0	1	3	0	0	0	0	3	3	2	2	0	2	1	1	1	1	4	2	0	4	1	1	2	6	0	0	1	1	6	2	3	3	0	6	0	1	0	0	1	1	0	0	0	0	0	1	3	0	0	0	0	1	0	0	0	1	1	1	1	0	0	2	1	1	1	0	0	0	0	2	0	0	1	0
2013-02-24 12:05:50	0	1	0	0	0	0	0	0	0	0	0	1	0	0	0	0	0	0	0	0	1	1	2	0	1	0	1	3	0	0	0	0	3	3	2	2	0	2	1	1	1	1	4	2	0	4	1	1	2	6	0	0	1	1	6	2	3	3	0	6	0	1	0	0	1	1	0	0	0	0	0	1	3	0	0	0	0	1	0	0	0	1	1	1	1	0	0	2	1	1	1	0	0	0	1	2	0	0	1	0
2013-02-24 12:09:43	0	1	0	0	0	0	0	0	0	0	0	1	0	0	0	0	0	0	0	0	1	1	2	0	1	0	1	3	0	0	0	0	3	3	2	2	0	2	1	1	1	1	4	2	0	4	1	1	2	6	0	0	1	1	6	2	3	3	0	6	0	1	0	0	1	2	0	0	0	0	0	1	3	0	0	0	0	1	0	0	0	1	1	1	1	0	0	2	1	1	1	0	0	0	1	2	0	0	1	0
2013-02-24 12:12:59	0	1	0	0	0	0	0	0	0	0	0	1	0	0	0	0	0	0	0	0	1	1	2	0	1	0	1	3	0	0	0	0	3	3	2	2	0	2	1	1	1	1	4	2	0	4	1	1	2	6	0	0	1	1	6	2	3	3	0	6	0	1	0	0	2	2	0	0	0	0	0	1	3	0	0	0	0	1	0	0	0	1	1	1	1	0	0	2	1	1	1	0	0	0	1	2	0	0	1	0
2013-02-24 12:19:36	0	1	0	0	0	0	0	0	0	0	0	1	0	0	0	0	0	0	0	0	1	1	2	0	1	0	1	3	0	0	0	0	3	3	2	2	0	2	1	1	1	1	4	2	0	4	1	1	2	6	0	0	1	1	6	2	3	3	0	6	0	1	1	0	2	2	0	0	0	0	0	1	3	0	0	0	0	1	0	0	0	1	1	1	1	0	0	2	1	1	1	0	0	0	1	2	0	0	1	0
2013-02-24 12:24:02	0	1	0	0	0	0	0	0	0	0	0	1	0	0	0	0	0	0	0	0	1	1	2	0	1	0	1	3	0	0	0	0	3	3	2	2	0	2	1	1	1	1	4	2	0	4	1	1	2	6	0	0	1	1	6	2	3	3	0	6	0	1	1	0	2	2	0	0	0	0	0	1	3	0	0	0	0	1	0	0	0	1	1	1	1	0	0	2	1	1	1	0	0	0	1	3	0	0	1	0
2013-02-24 12:34:13	0	1	0	0	0	0	0	0	0	0	0	1	0	0	0	0	0	0	0	0	1	1	2	0	1	0	1	3	0	0	0	0	3	3	2	2	0	2	1	1	1	1	4	2	0	4	1	1	2	6	0	0	1	1	6	2	3	3	0	6	0	1	1	0	2	3	0	0	0	0	0	1	3	0	0	0	0	1	0	0	0	1	1	1	1	0	0	2	1	1	1	0	0	0	1	3	0	0	1	0
2013-02-24 12:57:59	0	1	0	0	0	0	0	0	0	0	0	1	0	0	0	0	0	0	0	0	1	1	2	0	1	0	1	3	0	0	0	0	3	3	2	2	0	2	1	1	1	1	4	2	0	4	1	1	2	6	0	0	1	1	6	2	3	3	0	6	0	1	1	0	2	4	0	0	0	0	0	1	3	0	0	0	0	1	0	0	0	1	1	1	1	0	0	2	1	1	1	0	0	0	1	3	0	0	1	0
2013-02-24 16:15:53	0	1	0	0	0	0	0	0	0	0	0	1	0	0	0	0	0	0	0	0	1	1	2	0	1	0	1	3	0	0	0	0	3	3	2	2	0	2	1	1	1	1	4	2	0	4	1	1	2	6	0	0	1	1	6	2	3	3	0	6	0	1	1	0	2	4	0	0	0	0	0	1	3	0	0	0	0	1	0	0	0	1	1	1	1	0	0	2	1	1	1	0	0	0	1	3	1	0	1	0
2013-02-24 22:35:10	0	1	0	0	0	0	0	0	0	0	0	1	0	0	0	0	0	0	0	0	1	1	2	0	1	0	1	3	0	0	0	0	3	3	2	2	0	2	1	1	1	1	4	2	0	4	1	1	2	6	0	0	1	1	6	2	3	3	0	6	0	1	1	0	2	4	0	0	1	0	0	1	3	0	0	0	0	1	0	0	0	1	1	1	1	0	0	2	1	1	1	0	0	0	1	3	1	0	1	0
2013-02-24 22:41:57	0	1	0	0	0	0	0	0	0	0	0	1	0	0	0	0	0	0	0	0	1	1	2	0	1	0	1	3	0	0	0	0	3	3	2	2	0	2	1	1	1	1	4	2	0	4	1	1	2	6	0	0	1	1	6	2	3	3	0	6	0	1	1	0	2	4	0	0	1	0	0	1	3	0	0	0	0	1	0	0	0	1	1	1	1	0	0	2	1	1	1	0	0	0	2	3	1	0	1	0
2013-02-24 22:53:47	0	1	0	0	0	0	0	0	0	0	0	1	0	0	0	0	0	0	0	0	1	1	2	0	1	0	1	3	0	0	0	0	3	3	2	2	0	2	1	1	1	1	4	2	0	4	1	1	2	6	0	0	1	1	6	2	3	3	0	6	0	1	1	0	2	4	0	0	1	0	0	1	3	0	0	0	0	1	0	0	0	1	1	1	1	0	0	2	1	1	1	0	0	0	2	4	1	0	1	0
2013-02-24 22:57:48	0	1	0	0	0	0	0	0	0	0	0	1	0	0	0	0	0	0	0	0	1	1	2	0	1	0	1	3	0	0	0	0	3	3	2	2	0	2	1	1	1	1	4	2	0	4	1	1	2	6	0	0	1	1	6	2	3	3	0	6	0	1	1	0	2	4	0	1	1	0	0	1	3	0	0	0	0	1	0	0	0	1	1	1	1	0	0	2	1	1	1	0	0	0	2	4	1	0	1	0
2013-02-24 23:12:39	0	1	0	0	0	0	0	0	0	0	0	1	0	0	0	0	0	0	0	0	1	1	2	0	1	0	1	3	0	0	0	0	3	3	2	2	0	2	1	1	1	1	4	2	0	4	1	1	2	6	0	0	1	1	6	2	3	3	0	6	0	1	1	0	2	4	0	1	1	0	0	1	3	0	0	0	0	1	0	0	0	1	1	1	1	0	0	2	1	1	1	0	1	0	2	4	1	0	1	0
2013-02-24 23:19:39	0	1	0	0	0	0	0	0	0	0	0	1	0	0	0	0	0	0	0	0	1	1	2	0	1	0	1	3	0	0	0	0	3	3	2	2	0	2	1	1	1	1	4	2	0	4	1	1	2	6	0	0	1	1	6	2	3	3	0	6	0	1	1	0	2	4	0	1	1	0	0	1	3	0	0	0	0	1	0	0	0	1	1	1	1	0	0	2	1	1	1	0	1	0	2	4	1	1	1	0
2013-02-24 23:26:37	0	1	0	0	0	0	0	0	0	0	0	1	0	0	0	0	0	0	0	0	1	1	2	0	1	0	1	3	0	0	0	0	3	3	2	2	0	2	1	1	1	1	4	2	0	4	1	1	2	6	0	0	1	1	6	2	3	3	0	6	0	1	1	0	2	4	0	1	1	0	0	1	3	0	0	0	0	1	0	0	0	1	1	1	1	0	0	2	1	1	1	0	1	0	3	4	1	1	1	0
2013-02-24 23:41:11	0	1	0	0	0	0	0	0	0	0	0	1	0	0	0	0	0	0	0	0	1	1	2	0	1	0	1	3	0	0	0	0	3	3	2	2	0	2	1	1	1	1	4	2	0	4	1	1	2	6	0	0	1	1	6	2	3	3	0	6	0	1	1	0	2	4	0	1	1	1	0	1	3	0	0	0	0	1	0	0	0	1	1	1	1	0	0	2	1	1	1	0	1	0	3	4	1	1	1	0
2013-02-25 00:04:36	0	1	0	0	0	0	0	0	0	0	0	1	0	0	0	0	0	0	0	0	1	1	2	0	1	0	1	3	0	0	0	0	3	3	2	2	0	2	1	1	1	1	4	2	0	4	1	1	2	6	0	0	1	1	6	2	3	3	0	6	0	1	1	0	2	4	0	1	1	1	0	1	3	0	0	0	0	1	0	0	0	1	1	1	1	0	0	2	1	1	1	0	1	0	3	4	2	1	1	0
2013-02-25 00:38:30	0	1	0	0	0	0	0	0	0	0	0	1	0	0	0	0	0	0	0	0	1	1	2	0	1	0	1	3	0	0	0	0	3	3	2	2	0	2	1	1	1	1	4	2	0	4	1	1	2	6	0	0	1	1	6	2	3	3	0	6	0	1	1	0	2	4	0	1	1	1	0	1	3	0	0	0	0	1	0	0	0	1	1	1	1	0	0	2	1	1	1	0	1	0	3	4	2	1	2	0
2013-02-25 01:08:17	0	1	0	0	0	0	0	0	0	0	0	1	0	0	0	0	0	0	0	0	1	1	2	0	1	0	1	3	0	0	0	0	3	3	2	2	0	2	1	1	1	1	4	2	0	4	1	1	2	6	0	0	1	1	6	2	3	3	0	6	0	1	1	0	2	4	0	1	1	1	0	1	3	0	0	0	0	1	0	0	0	1	1	1	1	0	0	2	1	1	1	0	2	0	3	4	2	1	2	0
2013-02-25 01:37:02	0	1	0	0	0	0	0	0	0	0	0	1	0	0	0	0	0	0	0	0	1	1	2	0	1	0	1	3	0	0	0	0	3	3	2	2	0	2	1	1	1	1	4	2	0	4	1	1	2	6	0	0	1	1	6	2	3	3	0	6	1	1	1	0	2	4	0	1	1	1	0	1	3	0	0	0	0	1	0	0	0	1	1	1	1	0	0	2	1	1	1	0	2	0	3	4	2	1	2	0
2013-02-25 01:40:58	0	1	0	0	0	0	0	0	0	0	0	1	0	0	0	0	0	0	0	0	1	1	2	0	1	0	1	3	0	0	0	0	3	3	2	2	0	2	1	1	1	1	4	2	0	4	1	1	2	7	0	0	1	1	6	2	3	3	0	6	1	1	1	0	2	4	0	1	1	1	0	1	3	0	0	0	0	1	0	0	0	1	1	1	1	0	0	2	1	1	1	0	2	0	3	4	2	1	2	0
2013-02-25 01:43:34	0	1	0	0	0	0	0	0	0	0	0	1	0	0	0	0	0	0	0	0	1	1	2	0	1	0	1	3	0	0	0	0	3	3	2	2	0	2	1	1	1	1	5	2	0	4	1	1	2	7	0	0	1	1	6	2	3	3	0	6	1	1	1	0	2	4	0	1	1	1	0	1	3	0	0	0	0	1	0	0	0	1	1	1	1	0	0	2	1	1	1	0	2	0	3	4	2	1	2	0
2013-02-25 01:46:21	0	1	0	0	0	0	0	0	0	0	0	1	0	0	0	0	0	0	0	0	1	1	2	0	1	0	1	3	0	0	0	0	3	3	2	2	0	2	1	1	1	1	5	2	0	4	2	1	2	7	0	0	1	1	6	2	3	3	0	6	1	1	1	0	2	4	0	1	1	1	0	1	3	0	0	0	0	1	0	0	0	1	1	1	1	0	0	2	1	1	1	0	2	0	3	4	2	1	2	0
2013-02-25 01:50:33	0	1	0	0	0	0	0	0	0	0	0	1	0	0	0	0	0	0	0	0	1	1	2	0	1	0	1	3	0	0	0	0	3	3	2	2	0	2	1	1	1	1	5	2	0	5	2	1	2	7	0	0	1	1	6	2	3	3	0	6	1	1	1	0	2	4	0	1	1	1	0	1	3	0	0	0	0	1	0	0	0	1	1	1	1	0	0	2	1	1	1	0	2	0	3	4	2	1	2	0
2013-02-25 01:52:43	0	1	0	0	0	0	0	0	0	0	0	1	0	0	0	0	0	0	0	0	1	1	2	0	1	0	1	3	0	0	0	0	3	3	2	2	0	2	1	1	1	1	5	2	0	5	2	2	2	7	0	0	1	1	6	2	3	3	0	6	1	1	1	0	2	4	0	1	1	1	0	1	3	0	0	0	0	1	0	0	0	1	1	1	1	0	0	2	1	1	1	0	2	0	3	4	2	1	2	0
2013-02-25 14:34:14	0	1	0	0	0	0	0	0	0	0	0	1	0	0	0	0	0	0	0	0	1	1	2	0	1	0	1	3	0	0	0	0	3	3	2	2	0	2	1	1	1	1	5	2	0	5	2	3	2	7	0	0	1	1	6	2	3	3	0	6	1	1	1	0	2	4	0	1	1	1	0	1	3	0	0	0	0	1	0	0	0	1	1	1	1	0	0	2	1	1	1	0	2	0	3	4	2	1	2	0
2013-02-27 12:41:28	0	1	0	0	0	0	1	0	0	0	0	1	0	0	0	0	0	0	0	0	1	1	2	0	1	0	1	3	0	0	0	0	3	3	2	2	0	2	1	1	1	1	5	2	0	5	2	3	2	7	0	0	1	1	6	2	3	3	0	6	1	1	1	0	2	4	0	1	1	1	0	1	3	0	0	0	0	1	0	0	0	1	1	1	1	0	0	2	1	1	1	0	2	0	3	4	2	1	2	0
2013-02-27 15:43:29	0	1	0	0	0	0	1	0	0	0	0	1	0	0	0	0	0	0	0	0	1	1	2	0	1	0	1	3	0	0	0	0	3	3	2	2	0	2	1	1	1	1	5	3	0	5	2	3	2	7	0	0	1	1	6	2	3	3	0	6	1	1	1	0	2	4	0	1	1	1	0	1	3	0	0	0	0	1	0	0	0	1	1	1	1	0	0	2	1	1	1	0	2	0	3	4	2	1	2	0
2013-02-27 15:52:09	0	1	0	0	0	0	1	0	0	0	0	1	0	0	0	0	0	0	0	0	1	1	2	0	1	0	1	3	0	0	0	0	3	3	3	2	0	2	1	1	1	1	5	3	0	5	2	3	2	7	0	0	1	1	6	2	3	3	0	6	1	1	1	0	2	4	0	1	1	1	0	1	3	0	0	0	0	1	0	0	0	1	1	1	1	0	0	2	1	1	1	0	2	0	3	4	2	1	2	0
2013-02-27 22:18:34	0	1	0	0	0	0	1	0	0	0	0	1	0	0	0	0	0	0	0	0	1	1	2	0	1	0	1	3	0	0	0	0	3	3	3	2	0	2	1	2	1	1	5	3	0	5	2	3	2	7	0	0	1	1	6	2	3	3	0	6	1	1	1	0	2	4	0	1	1	1	0	1	3	0	0	0	0	1	0	0	0	1	1	1	1	0	0	2	1	1	1	0	2	0	3	4	2	1	2	0
2013-03-03 23:31:12	0	1	0	0	0	0	1	0	0	0	0	1	0	0	0	0	0	0	0	0	1	1	2	0	1	0	1	3	0	0	0	0	3	3	3	2	0	2	1	2	1	1	5	3	0	5	2	3	2	7	0	0	1	1	6	2	3	3	0	6	1	1	1	0	2	4	0	1	1	1	0	1	3	0	0	0	0	1	0	0	0	1	1	1	2	0	0	2	1	1	1	0	2	0	3	4	2	1	2	0
2013-03-04 02:54:40	0	1	0	0	0	0	1	0	0	0	0	1	0	0	0	0	0	0	0	0	1	1	2	0	1	0	1	3	0	0	0	0	3	4	3	2	0	2	1	2	1	1	5	3	0	5	2	3	2	7	0	0	1	1	6	2	3	3	0	6	1	1	1	0	2	4	0	1	1	1	0	1	3	0	0	0	0	1	0	0	0	1	1	1	2	0	0	2	1	1	1	0	2	0	3	4	2	1	2	0
2013-03-04 23:03:16	0	1	0	0	0	0	1	0	0	0	0	1	0	0	0	0	0	0	0	0	1	1	2	0	1	0	1	3	0	0	0	0	3	4	3	2	0	2	1	2	1	1	5	3	0	5	2	3	2	7	0	0	1	1	6	2	3	3	0	6	1	1	1	0	2	4	0	1	1	1	0	1	3	0	0	0	0	1	0	0	0	1	1	1	2	0	0	2	1	1	1	0	2	1	3	4	2	1	2	0
2013-03-05 01:02:35	0	1	0	0	0	0	1	0	0	0	0	1	0	0	0	0	0	0	0	0	1	1	2	0	1	0	1	3	0	0	0	0	3	4	3	2	0	2	1	2	1	1	5	3	0	5	2	3	2	7	0	0	1	1	6	2	3	3	0	6	1	1	1	0	2	4	0	1	1	1	0	1	3	0	0	0	0	1	0	0	0	1	1	1	2	0	0	2	1	1	1	0	2	2	3	4	2	1	2	0
2013-03-05 01:14:02	0	1	0	0	0	0	1	0	0	0	0	1	0	0	0	0	0	0	0	0	1	1	2	0	1	0	1	3	0	0	0	0	3	4	3	2	0	2	1	2	1	1	5	3	0	5	2	3	2	7	0	0	1	1	6	2	3	3	0	6	1	1	1	0	2	4	0	1	1	1	0	1	3	0	0	0	0	1	0	0	0	1	1	1	2	0	0	2	1	1	1	0	2	2	3	4	2	1	3	0
2013-03-05 01:26:38	0	1	0	0	0	0	1	0	0	0	0	1	0	0	0	0	0	0	0	0	1	1	2	0	1	0	1	3	0	0	0	0	3	4	3	2	0	2	1	2	1	1	5	3	0	5	2	3	2	7	0	0	1	1	6	2	3	3	0	6	1	1	1	0	2	4	0	1	1	1	0	1	3	0	0	0	0	1	0	0	0	1	1	1	2	0	0	2	1	1	1	0	2	2	3	4	3	1	3	0
2013-03-05 23:27:33	0	1	0	0	0	0	1	0	0	0	0	1	0	0	0	0	0	0	0	0	1	1	2	0	1	0	1	3	0	0	0	0	3	4	3	2	0	2	1	2	1	1	5	3	0	5	2	3	2	7	0	0	1	1	6	2	3	3	0	6	1	1	1	0	2	4	0	1	1	1	0	1	3	0	0	0	0	1	0	0	0	1	1	1	2	0	0	2	1	1	1	0	2	3	3	4	3	1	3	0
2013-03-10 15:55:17	0	1	0	0	0	0	1	0	0	0	0	1	0	0	0	0	0	0	0	0	1	1	2	0	1	0	1	3	0	0	0	0	3	4	3	2	0	2	1	2	1	1	5	3	0	5	2	3	2	7	0	0	1	1	6	2	3	3	0	6	1	1	1	0	2	4	0	1	1	1	0	1	3	0	0	0	0	1	0	0	0	1	1	1	2	0	0	2	1	1	1	0	2	3	3	4	3	1	3	1
2013-03-10 16:01:13	0	1	0	0	0	0	1	0	0	0	0	1	0	0	0	0	0	0	0	0	1	1	2	0	1	0	1	4	0	0	0	0	3	4	3	2	0	2	1	2	1	1	5	3	0	5	2	3	2	7	0	0	1	1	6	2	3	3	0	6	1	1	1	0	2	4	0	1	1	1	0	1	3	0	0	0	0	1	0	0	0	1	1	1	2	0	0	2	1	1	1	0	2	3	3	4	3	1	3	1
2013-03-10 16:05:20	0	1	0	0	0	0	1	0	0	0	0	1	0	0	0	0	0	0	0	0	1	1	2	1	1	0	1	4	0	0	0	0	3	4	3	2	0	2	1	2	1	1	5	3	0	5	2	3	2	7	0	0	1	1	6	2	3	3	0	6	1	1	1	0	2	4	0	1	1	1	0	1	3	0	0	0	0	1	0	0	0	1	1	1	2	0	0	2	1	1	1	0	2	3	3	4	3	1	3	1
2013-03-10 16:09:48	0	1	0	0	0	0	1	0	0	0	0	1	0	0	0	0	0	0	0	0	1	1	2	1	1	0	2	4	0	0	0	0	3	4	3	2	0	2	1	2	1	1	5	3	0	5	2	3	2	7	0	0	1	1	6	2	3	3	0	6	1	1	1	0	2	4	0	1	1	1	0	1	3	0	0	0	0	1	0	0	0	1	1	1	2	0	0	2	1	1	1	0	2	3	3	4	3	1	3	1
2013-03-10 16:12:02	0	1	0	0	0	0	1	0	0	0	0	1	0	0	0	0	0	0	0	0	1	1	2	1	1	0	2	4	0	1	0	0	3	4	3	2	0	2	1	2	1	1	5	3	0	5	2	3	2	7	0	0	1	1	6	2	3	3	0	6	1	1	1	0	2	4	0	1	1	1	0	1	3	0	0	0	0	1	0	0	0	1	1	1	2	0	0	2	1	1	1	0	2	3	3	4	3	1	3	1
2013-03-10 16:16:38	0	1	0	0	0	0	1	0	0	0	0	1	0	0	0	0	0	0	0	0	1	1	2	1	1	0	3	4	0	1	0	0	3	4	3	2	0	2	1	2	1	1	5	3	0	5	2	3	2	7	0	0	1	1	6	2	3	3	0	6	1	1	1	0	2	4	0	1	1	1	0	1	3	0	0	0	0	1	0	0	0	1	1	1	2	0	0	2	1	1	1	0	2	3	3	4	3	1	3	1
2013-03-10 16:35:09	0	1	0	0	0	0	1	0	0	0	0	1	0	0	0	0	0	0	0	0	1	1	2	1	1	1	3	4	0	1	0	0	3	4	3	2	0	2	1	2	1	1	5	3	0	5	2	3	2	7	0	0	1	1	6	2	3	3	0	6	1	1	1	0	2	4	0	1	1	1	0	1	3	0	0	0	0	1	0	0	0	1	1	1	2	0	0	2	1	1	1	0	2	3	3	4	3	1	3	1
2013-03-10 18:50:42	0	1	0	0	0	0	1	0	0	0	0	1	0	0	0	0	0	0	0	0	1	1	2	2	1	1	3	4	0	1	0	0	3	4	3	2	0	2	1	2	1	1	5	3	0	5	2	3	2	7	0	0	1	1	6	2	3	3	0	6	1	1	1	0	2	4	0	1	1	1	0	1	3	0	0	0	0	1	0	0	0	1	1	1	2	0	0	2	1	1	1	0	2	3	3	4	3	1	3	1
2013-03-10 19:29:01	0	1	0	0	0	0	1	0	0	0	0	1	0	0	0	0	0	0	0	0	1	1	2	2	1	1	3	4	0	1	0	0	3	5	3	2	0	2	1	2	1	1	5	3	0	5	2	3	2	7	0	0	1	1	6	2	3	3	0	6	1	1	1	0	2	4	0	1	1	1	0	1	3	0	0	0	0	1	0	0	0	1	1	1	2	0	0	2	1	1	1	0	2	3	3	4	3	1	3	1
2013-03-10 19:37:13	0	1	0	0	0	0	1	0	0	0	0	1	0	0	0	0	0	0	0	0	1	1	2	2	1	1	3	4	0	1	0	0	3	5	3	2	0	2	1	2	1	1	5	3	0	5	2	3	2	7	0	0	1	1	6	2	3	3	0	6	1	1	1	0	2	4	0	1	1	1	0	1	3	0	0	0	0	2	0	0	0	1	1	1	2	0	0	2	1	1	1	0	2	3	3	4	3	1	3	1
2013-03-10 19:52:23	0	1	0	0	0	0	1	0	0	0	0	1	0	0	0	0	0	0	0	0	1	1	2	2	1	1	3	4	0	1	0	0	3	5	3	2	0	2	1	2	1	1	5	3	0	5	2	3	2	7	0	0	1	1	6	2	3	3	0	6	1	1	1	0	2	4	0	1	1	1	0	1	4	0	0	0	0	2	0	0	0	1	1	1	2	0	0	2	1	1	1	0	2	3	3	4	3	1	3	1
2013-03-10 19:59:00	0	1	0	0	0	0	1	0	0	0	0	1	0	0	0	0	0	0	0	0	1	1	2	2	1	1	3	4	0	1	0	0	3	5	3	2	0	2	1	2	1	1	5	3	0	5	2	3	2	7	0	0	1	1	6	2	3	3	0	6	1	1	1	0	2	4	0	1	1	1	0	1	4	0	0	0	1	2	0	0	0	1	1	1	2	0	0	2	1	1	1	0	2	3	3	4	3	1	3	1
2013-03-10 20:05:36	0	1	0	0	0	0	1	0	0	0	0	1	0	0	0	0	0	0	0	0	1	1	2	2	1	1	3	4	0	1	0	0	3	5	3	2	0	2	1	2	1	1	5	3	0	5	2	3	2	7	0	0	1	1	6	2	3	3	0	6	1	1	1	0	2	4	0	1	1	1	0	1	4	0	0	0	2	2	0	0	0	1	1	1	2	0	0	2	1	1	1	0	2	3	3	4	3	1	3	1
2013-03-10 20:39:29	0	1	0	0	0	0	1	0	0	0	0	1	0	0	0	0	0	0	0	0	1	1	2	2	1	1	3	4	0	1	0	0	3	5	3	2	0	2	1	2	1	1	5	3	0	5	2	3	2	7	0	0	1	1	6	2	3	3	0	6	1	1	1	0	2	4	0	1	1	1	0	1	4	0	0	0	2	3	0	0	0	1	1	1	2	0	0	2	1	1	1	0	2	3	3	4	3	1	3	1
2013-03-10 20:46:52	0	1	0	0	0	0	1	0	0	0	0	1	0	0	0	0	0	0	0	0	1	1	2	2	1	1	3	4	0	1	0	0	3	5	3	2	0	2	1	2	1	1	5	3	0	5	2	3	2	7	0	0	1	1	6	2	3	3	0	6	1	1	1	0	2	4	0	1	1	1	0	1	4	0	1	0	2	3	0	0	0	1	1	1	2	0	0	2	1	1	1	0	2	3	3	4	3	1	3	1
2013-03-10 21:16:24	0	1	0	0	0	0	1	0	0	0	0	1	0	0	0	0	0	0	0	0	1	1	2	2	1	1	3	4	0	1	0	0	3	5	3	2	0	2	1	2	1	1	5	3	0	5	2	3	2	7	0	0	1	1	6	2	3	3	0	6	1	1	1	0	2	4	0	1	1	1	0	1	4	0	1	0	2	4	0	0	0	1	1	1	2	0	0	2	1	1	1	0	2	3	3	4	3	1	3	1
2013-03-11 04:29:40	0	1	0	0	0	0	1	0	0	0	0	1	0	0	0	0	0	0	0	0	1	1	2	2	1	1	3	4	0	1	0	0	3	5	3	2	0	2	1	2	1	1	5	3	0	5	2	3	2	7	0	0	1	1	6	2	3	3	0	6	1	1	1	0	2	4	0	1	1	1	0	1	4	0	1	0	2	5	0	0	0	1	1	1	2	0	0	2	1	1	1	0	2	3	3	4	3	1	3	1
2013-03-11 04:34:47	0	1	0	0	0	0	1	0	0	0	0	1	0	0	0	0	0	0	0	0	1	1	2	2	1	1	3	4	0	1	0	0	3	5	3	2	0	2	1	2	1	1	5	3	0	5	2	3	2	7	0	0	1	1	6	2	3	3	0	7	1	1	1	0	2	4	0	1	1	1	0	1	4	0	1	0	2	5	0	0	0	1	1	1	2	0	0	2	1	1	1	0	2	3	3	4	3	1	3	1
2013-03-11 04:44:38	0	1	0	0	0	0	1	0	0	0	0	1	0	0	0	0	0	0	0	0	1	1	2	2	1	1	3	4	0	1	0	0	3	5	3	2	0	2	1	2	1	1	5	3	0	5	2	3	2	7	0	0	1	1	6	2	3	4	0	7	1	1	1	0	2	4	0	1	1	1	0	1	4	0	1	0	2	5	0	0	0	1	1	1	2	0	0	2	1	1	1	0	2	3	3	4	3	1	3	1
2013-03-11 04:47:46	0	1	0	0	0	0	1	0	0	0	0	1	0	0	0	0	0	0	0	0	1	1	2	2	1	1	3	4	0	1	0	0	3	5	3	2	0	2	1	2	1	1	5	3	0	5	2	3	2	7	0	0	1	1	6	2	3	5	0	7	1	1	1	0	2	4	0	1	1	1	0	1	4	0	1	0	2	5	0	0	0	1	1	1	2	0	0	2	1	1	1	0	2	3	3	4	3	1	3	1
2013-03-11 04:55:10	0	1	0	0	0	0	1	0	0	0	0	1	0	0	0	0	0	0	0	0	1	1	2	2	1	1	3	4	0	1	0	0	3	5	3	2	0	2	1	2	1	1	5	3	0	5	2	3	2	7	0	0	1	1	6	2	3	6	0	7	1	1	1	0	2	4	0	1	1	1	0	1	4	0	1	0	2	5	0	0	0	1	1	1	2	0	0	2	1	1	1	0	2	3	3	4	3	1	3	1
2013-03-11 05:02:02	0	1	0	0	0	0	1	0	0	0	0	1	0	0	0	0	0	0	0	0	1	1	2	2	1	1	3	4	0	1	0	0	3	5	3	2	0	2	1	2	1	1	5	3	0	5	2	3	2	7	0	0	2	1	6	2	3	6	0	7	1	1	1	0	2	4	0	1	1	1	0	1	4	0	1	0	2	5	0	0	0	1	1	1	2	0	0	2	1	1	1	0	2	3	3	4	3	1	3	1
2013-03-11 05:06:24	0	1	0	0	0	0	1	0	0	0	0	1	0	0	0	0	0	0	0	0	1	1	2	2	1	1	3	4	0	1	0	0	3	5	3	2	0	2	1	2	1	1	5	3	0	5	2	3	2	7	0	0	2	1	6	2	3	7	0	7	1	1	1	0	2	4	0	1	1	1	0	1	4	0	1	0	2	5	0	0	0	1	1	1	2	0	0	2	1	1	1	0	2	3	3	4	3	1	3	1
2013-03-11 05:09:42	0	1	0	0	0	0	1	0	0	0	0	1	0	0	0	0	0	0	0	0	1	1	2	2	1	1	3	4	0	1	0	0	3	5	3	2	0	2	1	2	1	1	5	3	0	5	2	3	2	7	0	0	2	1	6	2	4	7	0	7	1	1	1	0	2	4	0	1	1	1	0	1	4	0	1	0	2	5	0	0	0	1	1	1	2	0	0	2	1	1	1	0	2	3	3	4	3	1	3	1
2013-03-11 20:04:31	0	1	0	0	0	0	1	0	0	0	0	1	0	0	0	0	0	0	0	0	1	1	2	2	1	1	3	4	0	1	0	0	3	5	3	2	0	2	1	2	1	1	5	3	0	5	2	3	2	7	0	0	2	1	6	2	4	8	0	7	1	1	1	0	2	4	0	1	1	1	0	1	4	0	1	0	2	5	0	0	0	1	1	1	2	0	0	2	1	1	1	0	2	3	3	4	3	1	3	1
2013-03-11 20:13:30	0	1	0	0	0	0	1	0	0	0	0	1	0	0	0	0	0	0	0	0	1	1	2	2	1	1	3	4	0	1	0	0	3	5	3	2	1	2	1	2	1	1	5	3	0	5	2	3	2	7	0	0	2	1	6	2	4	8	0	7	1	1	1	0	2	4	0	1	1	1	0	1	4	0	1	0	2	5	0	0	0	1	1	1	2	0	0	2	1	1	1	0	2	3	3	4	3	1	3	1
2013-03-11 20:30:43	0	1	0	0	0	0	1	0	0	0	0	1	0	0	0	0	0	0	0	0	1	1	2	2	1	1	3	4	0	1	0	0	3	6	3	2	1	2	1	2	1	1	5	3	0	5	2	3	2	7	0	0	2	1	6	2	4	8	0	7	1	1	1	0	2	4	0	1	1	1	0	1	4	0	1	0	2	5	0	0	0	1	1	1	2	0	0	2	1	1	1	0	2	3	3	4	3	1	3	1
2013-03-11 22:40:36	0	1	0	0	0	0	1	0	0	0	0	1	0	0	0	0	0	0	0	0	1	1	2	2	1	1	3	4	0	1	0	0	3	7	3	2	1	2	1	2	1	1	5	3	0	5	2	3	2	7	0	0	2	1	6	2	4	8	0	7	1	1	1	0	2	4	0	1	1	1	0	1	4	0	1	0	2	5	0	0	0	1	1	1	2	0	0	2	1	1	1	0	2	3	3	4	3	1	3	1
2013-03-11 22:46:28	0	1	0	0	0	0	1	0	0	0	0	1	0	0	0	0	0	0	0	0	1	1	2	2	1	2	3	4	0	1	0	0	3	7	3	2	1	2	1	2	1	1	5	3	0	5	2	3	2	7	0	0	2	1	6	2	4	8	0	7	1	1	1	0	2	4	0	1	1	1	0	1	4	0	1	0	2	5	0	0	0	1	1	1	2	0	0	2	1	1	1	0	2	3	3	4	3	1	3	1
2013-03-11 23:11:01	0	1	0	0	0	0	1	0	0	0	0	1	0	0	0	0	0	0	0	0	1	1	2	2	1	2	3	4	0	1	0	0	3	7	3	2	1	2	1	2	1	1	5	3	0	5	2	3	2	7	0	0	2	1	6	2	4	8	0	7	1	1	1	0	2	4	0	1	1	1	0	1	4	0	1	1	2	5	0	0	0	1	1	1	2	0	0	2	1	1	1	0	2	3	3	4	3	1	3	1
2013-03-13 03:19:48	0	1	0	0	0	0	1	0	0	0	0	1	0	0	0	0	0	0	0	0	1	1	2	2	1	3	3	4	0	1	0	0	3	7	3	2	1	2	1	2	1	1	5	3	0	5	2	3	2	7	0	0	2	1	6	2	4	8	0	7	1	1	1	0	2	4	0	1	1	1	0	1	4	0	1	1	2	5	0	0	0	1	1	1	2	0	0	2	1	1	1	0	2	3	3	4	3	1	3	1
2013-03-13 23:32:04	0	1	0	0	0	0	1	0	0	0	0	1	0	0	0	0	0	0	0	0	1	1	2	2	1	3	3	4	0	1	0	0	3	7	3	2	1	2	1	2	1	1	5	3	0	5	2	3	2	7	0	0	2	1	6	2	4	8	0	7	1	1	1	0	2	4	0	1	1	1	0	1	4	0	1	1	2	5	0	0	0	1	1	1	2	0	0	2	1	1	1	0	3	3	3	4	3	1	3	1
2013-03-13 23:37:41	0	1	0	0	0	0	1	0	0	0	0	1	0	0	0	0	0	0	0	0	1	1	2	2	1	3	3	4	0	1	0	0	4	7	3	2	1	2	1	2	1	1	5	3	0	5	2	3	2	7	0	0	2	1	6	2	4	8	0	7	1	1	1	0	2	4	0	1	1	1	0	1	4	0	1	1	2	5	0	0	0	1	1	1	2	0	0	2	1	1	1	0	3	3	3	4	3	1	3	1
2013-03-14 14:54:38	0	1	0	0	0	0	1	0	0	0	0	1	0	0	0	0	0	0	0	0	1	1	2	2	1	3	3	4	0	1	0	0	5	7	3	2	1	2	1	2	1	1	5	3	0	5	2	3	2	7	0	0	2	1	6	2	4	8	0	7	1	1	1	0	2	4	0	1	1	1	0	1	4	0	1	1	2	5	0	0	0	1	1	1	2	0	0	2	1	1	1	0	3	3	3	4	3	1	3	1
2013-03-14 14:57:13	0	1	0	0	0	0	1	0	0	0	0	1	0	0	0	0	0	0	0	0	1	1	2	2	1	3	3	4	0	1	0	0	5	7	3	2	1	2	1	2	1	1	5	3	0	5	2	3	2	7	0	0	2	1	6	3	4	8	0	7	1	1	1	0	2	4	0	1	1	1	0	1	4	0	1	1	2	5	0	0	0	1	1	1	2	0	0	2	1	1	1	0	3	3	3	4	3	1	3	1
2013-03-17 19:45:49	0	1	0	0	0	0	1	0	0	0	0	1	0	0	0	0	0	0	0	0	1	1	2	2	1	3	3	4	0	1	0	0	5	7	3	2	1	2	1	2	1	1	5	3	0	5	2	3	2	7	0	0	2	1	6	4	4	8	0	7	1	1	1	0	2	4	0	1	1	1	0	1	4	0	1	1	2	5	0	0	0	1	1	1	2	0	0	2	1	1	1	0	3	3	3	4	3	1	3	1
2013-03-17 19:54:50	0	1	0	0	0	0	1	0	0	0	0	1	0	0	0	0	0	0	0	0	1	1	2	2	1	4	3	4	0	1	0	0	5	7	3	2	1	2	1	2	1	1	5	3	0	5	2	3	2	7	0	0	2	1	6	4	4	8	0	7	1	1	1	0	2	4	0	1	1	1	0	1	4	0	1	1	2	5	0	0	0	1	1	1	2	0	0	2	1	1	1	0	3	3	3	4	3	1	3	1
2013-03-18 00:39:17	0	1	0	0	0	0	1	0	0	0	0	1	0	0	0	0	0	0	0	0	1	1	2	3	1	4	3	4	0	1	0	0	5	7	3	2	1	2	1	2	1	1	5	3	0	5	2	3	2	7	0	0	2	1	6	4	4	8	0	7	1	1	1	0	2	4	0	1	1	1	0	1	4	0	1	1	2	5	0	0	0	1	1	1	2	0	0	2	1	1	1	0	3	3	3	4	3	1	3	1
2013-03-18 00:53:36	0	1	0	0	0	0	1	0	0	0	0	1	0	0	0	0	0	0	0	0	1	1	2	3	1	4	3	4	0	1	0	0	5	7	3	2	1	2	1	2	1	1	5	3	0	5	2	3	2	7	0	0	2	1	6	4	4	8	0	7	1	1	1	0	2	4	0	1	1	1	0	1	4	0	1	1	2	5	0	0	0	1	1	1	2	0	0	2	1	1	1	0	3	3	3	4	3	1	3	2
2013-03-18 01:00:29	0	1	0	0	0	0	1	0	0	0	0	1	0	0	0	0	0	0	0	0	1	1	2	3	1	4	3	4	0	1	0	0	5	7	3	2	1	2	1	2	1	1	5	3	0	5	2	3	2	7	0	0	2	1	6	4	4	8	0	7	1	1	1	0	2	4	0	1	1	1	0	1	4	0	1	1	2	5	0	0	0	1	1	1	2	0	0	2	1	1	1	0	3	3	3	4	4	1	3	2
2013-03-18 13:10:09	0	1	0	0	0	0	1	0	0	0	0	1	0	0	0	0	0	0	0	0	1	1	2	3	1	4	3	4	0	1	0	0	5	7	3	2	1	2	1	2	1	1	5	3	0	5	2	3	2	7	0	0	2	1	6	4	4	8	0	7	1	1	1	0	2	4	1	1	1	1	0	1	4	0	1	1	2	5	0	0	0	1	1	1	2	0	0	2	1	1	1	0	3	3	3	4	4	1	3	2
2013-03-18 13:13:16	0	1	0	0	0	0	1	0	0	0	0	1	0	0	0	0	0	0	0	0	1	1	2	3	1	4	3	4	0	1	0	0	5	7	3	2	1	2	1	2	1	1	5	3	0	5	2	3	2	7	0	0	2	1	6	4	4	8	0	7	1	1	1	0	2	4	1	1	1	1	0	1	4	0	1	1	2	6	0	0	0	1	1	1	2	0	0	2	1	1	1	0	3	3	3	4	4	1	3	2
2013-03-18 13:18:27	0	1	0	0	0	0	1	0	0	0	0	1	0	0	0	0	0	0	0	0	1	1	2	3	1	4	3	4	0	1	0	0	5	7	3	2	1	2	1	2	1	1	5	3	0	5	2	3	2	7	0	0	2	1	6	4	4	8	0	7	1	1	1	0	2	4	1	1	1	1	0	1	4	0	1	1	3	6	0	0	0	1	1	1	2	0	0	2	1	1	1	0	3	3	3	4	4	1	3	2
2013-03-20 12:36:00	0	1	0	0	0	0	1	0	0	0	0	1	0	0	0	0	0	0	0	0	1	1	2	3	1	4	3	4	0	1	0	0	5	7	3	2	1	2	1	2	1	1	5	3	0	5	2	3	2	7	0	0	2	1	6	4	4	8	0	7	1	1	1	0	2	4	1	1	1	1	0	1	4	0	1	1	4	6	0	0	0	1	1	1	2	0	0	2	1	1	1	0	3	3	3	4	4	1	3	2
2013-03-20 12:36:44	0	1	0	0	0	0	1	0	0	0	0	1	0	0	0	0	0	0	0	0	1	1	2	3	1	4	3	4	0	1	0	0	5	7	3	2	1	2	1	2	1	1	5	3	0	5	2	3	2	7	0	0	2	1	6	4	4	8	0	7	1	1	1	0	2	4	1	1	1	1	0	1	4	0	1	1	4	6	0	0	0	1	1	1	2	0	0	2	2	1	1	0	3	3	3	4	4	1	3	2
2013-03-20 12:50:09	0	1	0	0	0	0	1	0	0	0	0	1	0	0	0	0	0	0	0	0	1	1	2	3	1	4	3	4	0	1	0	0	5	7	3	2	1	2	1	2	1	1	5	3	0	5	2	3	2	7	0	0	2	1	6	4	4	8	0	7	1	1	1	0	2	4	1	1	1	1	0	1	4	0	1	1	4	6	0	0	0	1	1	1	2	0	0	2	3	1	1	0	3	3	3	4	4	1	3	2
2013-03-20 13:02:40	0	1	0	0	0	0	1	0	0	0	0	1	0	0	0	0	0	0	0	0	1	1	2	3	1	4	3	4	0	1	0	0	5	7	3	2	1	2	1	2	1	1	5	3	0	5	2	3	2	7	0	0	2	1	6	4	4	8	0	7	1	1	1	0	2	4	1	1	1	1	0	1	4	0	1	1	4	6	0	0	0	1	1	1	2	0	0	2	4	1	1	0	3	3	3	4	4	1	3	2
2013-03-20 13:14:41	0	1	0	0	0	0	1	0	0	0	0	1	0	0	0	0	0	0	0	0	1	1	2	3	1	4	3	4	0	1	0	0	5	7	3	2	1	2	1	2	1	1	5	3	0	5	2	3	2	7	0	0	2	1	6	4	4	8	0	7	1	1	1	0	2	4	1	1	1	1	0	1	4	0	1	1	4	6	0	0	0	1	1	1	2	0	0	2	5	1	1	0	3	3	3	4	4	1	3	2
2013-03-20 13:22:08	0	1	0	0	0	0	1	0	0	0	0	1	0	0	0	0	0	0	0	0	1	1	2	3	1	4	3	4	0	1	0	0	5	7	3	2	1	2	1	2	1	1	5	3	0	5	2	3	2	7	0	0	2	1	6	4	4	8	0	7	1	1	1	0	2	4	1	1	1	1	0	1	4	0	1	1	4	6	0	0	0	1	1	1	2	0	0	2	6	1	1	0	3	3	3	4	4	1	3	2
2013-03-20 14:06:51	0	1	0	0	0	0	1	0	0	0	0	1	0	0	0	0	0	0	0	0	1	1	2	3	1	4	3	4	0	1	0	0	5	7	3	2	1	2	1	2	1	1	5	3	0	5	2	3	2	7	0	0	2	1	6	4	4	8	0	7	1	1	1	0	2	4	1	1	1	1	0	1	4	0	1	1	4	6	0	0	0	1	1	1	2	0	0	2	7	1	1	0	3	3	3	4	4	1	3	2
2013-03-20 14:33:31	0	1	0	0	0	0	1	0	0	0	0	2	0	0	0	0	0	0	0	0	1	1	2	3	1	4	3	4	0	1	0	0	5	7	3	2	1	2	1	2	1	1	5	3	0	5	2	3	2	7	0	0	2	1	6	4	4	8	0	7	1	1	1	0	2	4	1	1	1	1	0	1	4	0	1	1	4	6	0	0	0	1	1	1	2	0	0	2	7	1	1	0	3	3	3	4	4	1	3	2
2013-03-20 15:16:43	0	1	0	0	0	0	1	0	0	0	1	2	0	0	0	0	0	0	0	0	1	1	2	3	1	4	3	4	0	1	0	0	5	7	3	2	1	2	1	2	1	1	5	3	0	5	2	3	2	7	0	0	2	1	6	4	4	8	0	7	1	1	1	0	2	4	1	1	1	1	0	1	4	0	1	1	4	6	0	0	0	1	1	1	2	0	0	2	7	1	1	0	3	3	3	4	4	1	3	2
2013-03-21 15:02:05	0	1	0	0	0	0	1	0	0	0	1	3	0	0	0	0	0	0	0	0	1	1	2	3	1	4	3	4	0	1	0	0	5	7	3	2	1	2	1	2	1	1	5	3	0	5	2	3	2	7	0	0	2	1	6	4	4	8	0	7	1	1	1	0	2	4	1	1	1	1	0	1	4	0	1	1	4	6	0	0	0	1	1	1	2	0	0	2	7	1	1	0	3	3	3	4	4	1	3	2
2013-03-21 15:08:13	0	1	0	0	0	0	1	0	0	0	1	3	0	0	0	0	0	0	0	0	1	1	2	3	1	4	3	4	0	1	0	0	5	7	3	2	1	2	1	2	1	1	5	3	0	5	2	3	2	7	0	0	2	1	6	4	4	8	0	7	1	1	1	0	2	4	1	1	2	1	0	1	4	0	1	1	4	6	0	0	0	1	1	1	2	0	0	2	7	1	1	0	3	3	3	4	4	1	3	2
2013-03-21 15:10:16	0	1	0	0	0	0	1	0	0	0	1	3	0	0	0	0	0	0	0	0	1	1	2	3	1	4	3	4	0	1	0	0	5	7	3	2	1	2	1	2	1	1	5	3	0	5	2	3	2	7	0	0	2	1	6	4	4	8	0	7	1	1	1	0	2	4	1	1	3	1	0	1	4	0	1	1	4	6	0	0	0	1	1	1	2	0	0	2	7	1	1	0	3	3	3	4	4	1	3	2
2013-03-21 15:11:50	0	1	0	0	0	0	1	0	0	0	1	3	0	0	0	0	0	0	0	0	1	1	2	3	1	4	3	4	0	1	0	0	5	7	3	2	1	2	1	2	1	1	5	3	0	5	2	3	2	7	0	0	2	1	6	4	4	8	0	7	1	1	1	0	2	4	2	1	3	1	0	1	4	0	1	1	4	6	0	0	0	1	1	1	2	0	0	2	7	1	1	0	3	3	3	4	4	1	3	2
2013-03-21 15:15:03	0	1	0	0	0	0	1	0	0	0	1	3	0	0	0	0	0	0	0	0	1	1	2	3	1	4	3	4	0	1	0	0	5	7	3	2	1	2	1	2	1	1	5	3	0	5	2	3	2	7	0	0	2	1	6	4	4	8	0	7	1	2	1	0	2	4	2	1	3	1	0	1	4	0	1	1	4	6	0	0	0	1	1	1	2	0	0	2	7	1	1	0	3	3	3	4	4	1	3	2
2013-03-21 15:28:51	0	1	0	0	0	0	1	0	0	0	1	3	0	0	0	0	0	0	0	0	1	1	2	3	1	4	3	4	0	1	0	0	5	7	3	2	1	2	1	2	1	1	5	3	0	5	2	3	2	7	0	0	2	1	6	4	4	8	0	7	1	2	2	0	2	4	2	1	3	1	0	1	4	0	1	1	4	6	0	0	0	1	1	1	2	0	0	2	7	1	1	0	3	3	3	4	4	1	3	2
2013-03-21 15:35:51	0	1	0	0	0	0	1	0	0	0	1	3	0	0	0	0	0	0	0	0	1	1	2	3	1	4	3	4	0	1	0	0	5	7	3	2	1	2	1	2	1	1	5	3	0	5	2	3	2	7	0	0	2	1	6	4	4	8	0	7	1	2	2	0	2	4	2	1	4	1	0	1	4	0	1	1	4	6	0	0	0	1	1	1	2	0	0	2	7	1	1	0	3	3	3	4	4	1	3	2
2013-04-01 17:06:37	0	1	0	0	0	0	1	0	0	0	1	3	0	0	0	0	0	0	0	0	1	1	2	3	1	4	3	4	0	1	0	0	5	7	3	2	1	2	1	2	1	1	5	3	0	5	2	3	2	7	0	0	2	1	6	4	4	8	0	7	1	3	2	0	2	4	2	1	4	1	0	1	4	0	1	1	4	6	0	0	0	1	1	1	2	0	0	2	7	1	1	0	3	3	3	4	4	1	3	2
2013-04-16 05:14:10	0	1	0	0	0	0	1	0	0	0	1	3	0	0	0	0	0	0	0	0	1	1	2	3	1	4	3	4	0	1	0	0	5	7	3	2	1	2	1	2	1	1	5	3	0	5	2	3	2	7	0	0	2	1	6	4	4	8	0	7	1	3	2	0	2	4	2	1	4	1	0	2	4	0	1	1	4	6	0	0	0	1	1	1	2	0	0	2	7	1	1	0	3	3	3	4	4	1	3	2
2013-04-17 01:50:15	0	1	0	0	0	0	1	0	0	0	1	3	0	0	0	0	0	0	0	0	1	1	2	3	1	4	3	4	0	1	0	0	5	7	3	2	1	2	1	2	1	1	5	3	0	5	2	3	2	7	0	0	2	1	7	4	4	8	0	7	1	3	2	0	2	4	2	1	4	1	0	2	4	0	1	1	4	6	0	0	0	1	1	1	2	0	0	2	7	1	1	0	3	3	3	4	4	1	3	2
2013-04-17 09:12:32	0	1	0	0	0	0	1	0	0	0	1	3	0	0	0	0	0	0	0	0	1	1	2	3	1	4	3	4	0	1	0	0	5	7	3	2	1	2	1	2	1	1	5	3	0	5	2	3	2	7	0	0	2	1	7	4	4	8	0	8	1	3	2	0	2	4	2	1	4	1	0	2	4	0	1	1	4	6	0	0	0	1	1	1	2	0	0	2	7	1	1	0	3	3	3	4	4	1	3	2
2013-04-17 13:39:27	0	1	0	0	0	0	1	0	0	0	1	3	0	0	0	0	0	0	0	0	1	1	2	3	1	4	3	4	0	2	0	0	5	7	3	2	1	2	1	2	1	1	5	3	0	5	2	3	2	7	0	0	2	1	7	4	4	8	0	8	1	3	2	0	2	4	2	1	4	1	0	2	4	0	1	1	4	6	0	0	0	1	1	1	2	0	0	2	7	1	1	0	3	3	3	4	4	1	3	2
2013-04-17 14:03:06	0	1	0	0	0	0	1	0	0	0	1	3	0	0	0	0	0	0	0	0	1	1	2	3	1	4	3	4	0	2	0	0	5	7	3	2	1	2	1	2	1	1	5	3	0	5	2	3	2	7	0	0	2	1	7	4	4	8	0	8	1	3	2	0	2	4	2	1	4	1	0	2	5	0	1	1	4	6	0	0	0	1	1	1	2	0	0	2	7	1	1	0	3	3	3	4	4	1	3	2
2013-04-17 19:43:25	0	1	0	0	0	0	1	0	0	0	1	3	0	0	0	0	0	0	0	0	1	1	2	3	1	4	3	4	0	2	0	0	5	7	3	2	1	2	1	2	1	1	5	3	0	5	2	3	2	7	0	0	2	1	7	4	4	8	0	8	1	3	2	0	2	4	2	1	4	1	0	2	5	0	2	1	4	6	0	0	0	1	1	1	2	0	0	2	7	1	1	0	3	3	3	4	4	1	3	2
2013-04-17 19:49:37	0	1	0	0	0	0	1	0	0	0	1	3	0	0	0	0	0	0	0	0	1	1	2	3	1	4	3	4	0	2	0	0	5	7	3	2	1	2	1	2	1	1	5	3	0	5	2	4	2	7	0	0	2	1	7	4	4	8	0	8	1	3	2	0	2	4	2	1	4	1	0	2	5	0	2	1	4	6	0	0	0	1	1	1	2	0	0	2	7	1	1	0	3	3	3	4	4	1	3	2
2013-04-17 19:53:22	0	1	0	0	0	0	1	0	0	0	1	3	0	0	0	0	0	0	0	0	1	1	2	3	1	4	3	4	0	2	0	0	5	7	3	2	1	2	1	2	1	1	5	3	0	5	2	4	3	7	0	0	2	1	7	4	4	8	0	8	1	3	2	0	2	4	2	1	4	1	0	2	5	0	2	1	4	6	0	0	0	1	1	1	2	0	0	2	7	1	1	0	3	3	3	4	4	1	3	2
2013-04-17 20:31:43	0	1	0	0	0	0	1	0	0	0	1	3	0	0	0	0	0	0	0	0	1	1	2	3	1	4	3	4	0	2	0	0	5	7	3	2	1	2	1	2	1	1	5	3	0	5	3	4	3	7	0	0	2	1	7	4	4	8	0	8	1	3	2	0	2	4	2	1	4	1	0	2	5	0	2	1	4	6	0	0	0	1	1	1	2	0	0	2	7	1	1	0	3	3	3	4	4	1	3	2
2013-04-17 22:44:19	0	1	0	0	0	0	1	0	0	0	1	3	0	0	0	0	0	0	0	0	1	1	2	3	1	4	3	5	0	2	0	0	5	7	3	2	1	2	1	2	1	1	5	3	0	5	3	4	3	7	0	0	2	1	7	4	4	8	0	8	1	3	2	0	2	4	2	1	4	1	0	2	5	0	2	1	4	6	0	0	0	1	1	1	2	0	0	2	7	1	1	0	3	3	3	4	4	1	3	2
2013-04-17 22:58:22	0	1	0	0	0	0	1	0	0	0	1	3	0	0	0	0	0	0	0	0	1	1	2	3	1	4	3	5	0	2	0	0	5	7	3	2	1	2	1	2	1	1	5	3	0	5	3	4	3	7	0	0	2	1	7	4	4	8	0	8	1	3	2	0	2	4	2	1	4	1	0	2	5	0	2	1	4	6	0	0	0	1	1	1	2	0	0	2	7	1	1	0	3	3	3	5	4	1	3	2
2013-04-17 23:08:47	0	1	0	0	0	0	1	0	0	0	1	3	0	0	0	0	0	0	0	0	1	1	2	3	1	4	3	5	0	2	0	0	5	7	3	2	1	2	1	2	1	1	5	3	0	5	3	4	3	7	0	0	2	1	7	4	4	8	0	8	1	3	2	0	2	4	2	1	4	1	0	2	5	0	2	1	4	6	0	0	0	1	1	1	2	0	0	2	7	1	1	0	3	3	3	5	4	1	4	2
2013-04-17 23:16:54	0	1	0	0	0	0	1	0	0	0	1	3	0	0	0	0	0	0	0	0	1	1	2	3	1	4	3	5	0	2	0	0	5	7	3	2	1	2	1	2	1	1	6	3	0	5	3	4	3	7	0	0	2	1	7	4	4	8	0	8	1	3	2	0	2	4	2	1	4	1	0	2	5	0	2	1	4	6	0	0	0	1	1	1	2	0	0	2	7	1	1	0	3	3	3	5	4	1	4	2
2013-04-17 23:19:58	0	1	0	0	0	0	1	0	0	0	1	3	0	0	0	0	0	0	0	0	1	1	2	3	1	4	3	5	0	2	0	0	5	7	3	2	1	2	1	2	1	1	6	3	0	5	3	4	3	8	0	0	2	1	7	4	4	8	0	8	1	3	2	0	2	4	2	1	4	1	0	2	5	0	2	1	4	6	0	0	0	1	1	1	2	0	0	2	7	1	1	0	3	3	3	5	4	1	4	2
2013-04-18 08:50:15	0	1	0	0	0	0	1	0	0	0	1	3	0	0	0	0	0	0	0	0	1	1	2	3	1	4	3	5	0	2	0	0	5	7	3	2	1	2	1	2	1	1	6	3	0	6	3	4	3	8	0	0	2	1	7	4	4	8	0	8	1	3	2	0	2	4	2	1	4	1	0	2	5	0	2	1	4	6	0	0	0	1	1	1	2	0	0	2	7	1	1	0	3	3	3	5	4	1	4	2
2013-04-18 09:01:09	0	1	0	0	0	0	1	0	0	0	1	3	0	0	0	0	0	0	0	0	1	1	2	3	1	4	3	5	0	2	0	0	5	7	4	2	1	2	1	2	1	1	6	3	0	6	3	4	3	8	0	0	2	1	7	4	4	8	0	8	1	3	2	0	2	4	2	1	4	1	0	2	5	0	2	1	4	6	0	0	0	1	1	1	2	0	0	2	7	1	1	0	3	3	3	5	4	1	4	2
2013-04-18 09:12:30	0	1	0	0	0	0	1	0	0	0	1	3	0	0	0	0	0	0	0	0	1	1	2	3	1	4	3	5	0	2	0	0	5	7	4	2	1	2	2	2	1	1	6	3	0	6	3	4	3	8	0	0	2	1	7	4	4	8	0	8	1	3	2	0	2	4	2	1	4	1	0	2	5	0	2	1	4	6	0	0	0	1	1	1	2	0	0	2	7	1	1	0	3	3	3	5	4	1	4	2
2013-04-18 09:18:18	0	1	0	0	0	0	1	0	0	0	1	3	0	0	0	0	0	0	0	0	1	1	2	3	1	4	3	5	0	2	0	0	5	7	4	3	1	2	2	2	1	1	6	3	0	6	3	4	3	8	0	0	2	1	7	4	4	8	0	8	1	3	2	0	2	4	2	1	4	1	0	2	5	0	2	1	4	6	0	0	0	1	1	1	2	0	0	2	7	1	1	0	3	3	3	5	4	1	4	2
2013-04-18 09:22:25	0	1	0	0	0	0	1	0	0	0	1	3	0	0	0	0	0	0	0	0	1	1	2	3	1	4	3	5	0	2	0	0	5	7	4	3	1	2	2	3	1	1	6	3	0	6	3	4	3	8	0	0	2	1	7	4	4	8	0	8	1	3	2	0	2	4	2	1	4	1	0	2	5	0	2	1	4	6	0	0	0	1	1	1	2	0	0	2	7	1	1	0	3	3	3	5	4	1	4	2
2013-04-18 09:27:35	0	1	0	0	0	0	1	0	0	0	1	3	0	0	0	0	0	0	0	0	1	1	2	3	1	4	3	5	0	2	0	0	5	7	4	3	2	2	2	3	1	1	6	3	0	6	3	4	3	8	0	0	2	1	7	4	4	8	0	8	1	3	2	0	2	4	2	1	4	1	0	2	5	0	2	1	4	6	0	0	0	1	1	1	2	0	0	2	7	1	1	0	3	3	3	5	4	1	4	2
2013-04-18 10:10:15	0	1	0	0	0	0	1	0	0	0	1	3	0	0	0	0	0	0	0	0	1	1	2	3	1	4	3	5	0	2	0	0	6	7	4	3	2	2	2	3	1	1	6	3	0	6	3	4	3	8	0	0	2	1	7	4	4	8	0	8	1	3	2	0	2	4	2	1	4	1	0	2	5	0	2	1	4	6	0	0	0	1	1	1	2	0	0	2	7	1	1	0	3	3	3	5	4	1	4	2
2013-04-18 10:43:58	0	1	0	0	0	0	1	0	0	0	1	3	0	0	0	0	0	0	0	0	1	1	2	3	1	4	3	5	0	2	0	0	6	8	4	3	2	2	2	3	1	1	6	3	0	6	3	4	3	8	0	0	2	1	7	4	4	8	0	8	1	3	2	0	2	4	2	1	4	1	0	2	5	0	2	1	4	6	0	0	0	1	1	1	2	0	0	2	7	1	1	0	3	3	3	5	4	1	4	2
2013-04-18 10:46:01	0	1	0	0	0	0	1	0	0	0	1	3	0	1	0	0	0	0	0	0	1	1	2	3	1	4	3	5	0	2	0	0	6	8	4	3	2	2	2	3	1	1	6	3	0	6	3	4	3	8	0	0	2	1	7	4	4	8	0	8	1	3	2	0	2	4	2	1	4	1	0	2	5	0	2	1	4	6	0	0	0	1	1	1	2	0	0	2	7	1	1	0	3	3	3	5	4	1	4	2
2013-04-18 10:50:49	0	1	0	0	0	0	1	0	0	0	1	3	0	1	0	0	0	0	0	0	1	1	2	3	1	4	3	5	0	2	0	1	6	8	4	3	2	2	2	3	1	1	6	3	0	6	3	4	3	8	0	0	2	1	7	4	4	8	0	8	1	3	2	0	2	4	2	1	4	1	0	2	5	0	2	1	4	6	0	0	0	1	1	1	2	0	0	2	7	1	1	0	3	3	3	5	4	1	4	2
2013-04-18 10:53:56	0	1	0	0	0	0	1	0	0	0	1	3	0	1	1	0	0	0	0	0	1	1	2	3	1	4	3	5	0	2	0	1	6	8	4	3	2	2	2	3	1	1	6	3	0	6	3	4	3	8	0	0	2	1	7	4	4	8	0	8	1	3	2	0	2	4	2	1	4	1	0	2	5	0	2	1	4	6	0	0	0	1	1	1	2	0	0	2	7	1	1	0	3	3	3	5	4	1	4	2
2013-04-18 10:56:04	0	1	0	0	0	0	1	0	0	0	1	3	0	1	1	0	0	1	0	0	1	1	2	3	1	4	3	5	0	2	0	1	6	8	4	3	2	2	2	3	1	1	6	3	0	6	3	4	3	8	0	0	2	1	7	4	4	8	0	8	1	3	2	0	2	4	2	1	4	1	0	2	5	0	2	1	4	6	0	0	0	1	1	1	2	0	0	2	7	1	1	0	3	3	3	5	4	1	4	2
2013-04-18 10:58:34	0	1	0	0	0	0	1	0	0	0	1	3	0	1	1	0	0	1	1	0	1	1	2	3	1	4	3	5	0	2	0	1	6	8	4	3	2	2	2	3	1	1	6	3	0	6	3	4	3	8	0	0	2	1	7	4	4	8	0	8	1	3	2	0	2	4	2	1	4	1	0	2	5	0	2	1	4	6	0	0	0	1	1	1	2	0	0	2	7	1	1	0	3	3	3	5	4	1	4	2
2013-04-18 11:01:15	0	1	0	0	0	0	1	0	0	0	1	3	0	1	1	0	0	1	1	1	1	1	2	3	1	4	3	5	0	2	0	1	6	8	4	3	2	2	2	3	1	1	6	3	0	6	3	4	3	8	0	0	2	1	7	4	4	8	0	8	1	3	2	0	2	4	2	1	4	1	0	2	5	0	2	1	4	6	0	0	0	1	1	1	2	0	0	2	7	1	1	0	3	3	3	5	4	1	4	2
2013-04-18 11:03:25	0	1	0	0	0	0	1	0	0	0	1	3	0	1	1	0	1	1	1	1	1	1	2	3	1	4	3	5	0	2	0	1	6	8	4	3	2	2	2	3	1	1	6	3	0	6	3	4	3	8	0	0	2	1	7	4	4	8	0	8	1	3	2	0	2	4	2	1	4	1	0	2	5	0	2	1	4	6	0	0	0	1	1	1	2	0	0	2	7	1	1	0	3	3	3	5	4	1	4	2
2013-04-18 11:04:14	0	1	0	0	0	0	1	0	0	0	1	3	0	1	1	0	1	1	1	2	1	1	2	3	1	4	3	5	0	2	0	1	6	8	4	3	2	2	2	3	1	1	6	3	0	6	3	4	3	8	0	0	2	1	7	4	4	8	0	8	1	3	2	0	2	4	2	1	4	1	0	2	5	0	2	1	4	6	0	0	0	1	1	1	2	0	0	2	7	1	1	0	3	3	3	5	4	1	4	2
2013-04-18 13:56:10	0	1	0	0	0	0	1	0	0	0	1	3	0	1	1	0	1	1	1	3	1	1	2	3	1	4	3	5	0	2	0	1	6	8	4	3	2	2	2	3	1	1	6	3	0	6	3	4	3	8	0	0	2	1	7	4	4	8	0	8	1	3	2	0	2	4	2	1	4	1	0	2	5	0	2	1	4	6	0	0	0	1	1	1	2	0	0	2	7	1	1	0	3	3	3	5	4	1	4	2
2013-04-18 14:04:25	0	1	0	0	0	0	1	0	0	0	1	3	0	1	1	0	1	1	1	3	1	2	2	3	1	4	3	5	0	2	0	1	6	8	4	3	2	2	2	3	1	1	6	3	0	6	3	4	3	8	0	0	2	1	7	4	4	8	0	8	1	3	2	0	2	4	2	1	4	1	0	2	5	0	2	1	4	6	0	0	0	1	1	1	2	0	0	2	7	1	1	0	3	3	3	5	4	1	4	2
2013-04-18 20:44:22	0	1	0	0	0	0	1	0	0	0	1	3	0	1	1	0	1	1	1	3	1	2	2	3	1	4	3	5	1	2	0	1	6	8	4	3	2	2	2	3	1	1	6	3	0	6	3	4	3	8	0	0	2	1	7	4	4	8	0	8	1	3	2	0	2	4	2	1	4	1	0	2	5	0	2	1	4	6	0	0	0	1	1	1	2	0	0	2	7	1	1	0	3	3	3	5	4	1	4	2
2013-04-18 20:49:05	0	1	0	0	0	0	1	0	0	0	1	3	0	1	1	0	1	1	1	3	1	2	2	3	1	4	3	5	1	2	0	1	6	8	4	3	2	2	2	3	1	1	6	3	0	6	3	4	3	8	0	0	2	1	7	4	4	8	0	8	1	3	2	0	2	4	2	1	4	1	0	2	5	0	2	1	4	6	1	0	0	1	1	1	2	0	0	2	7	1	1	0	3	3	3	5	4	1	4	2
2013-04-24 01:18:33	0	1	0	0	0	0	1	0	0	0	1	3	0	1	1	0	1	1	1	3	1	2	2	3	1	4	3	5	1	2	0	1	6	8	4	3	2	2	2	3	1	1	6	3	0	6	3	4	3	8	0	0	2	1	7	4	4	8	0	8	1	3	2	0	2	4	2	1	4	1	0	3	5	0	2	1	4	6	1	0	0	1	1	1	2	0	0	2	7	1	1	0	3	3	3	5	4	1	4	2
2013-04-28 10:41:12	0	1	0	0	0	0	1	0	0	0	1	3	0	1	1	0	1	1	1	3	1	2	2	3	1	4	3	5	1	2	0	1	6	8	4	3	2	2	2	3	1	1	6	3	0	7	3	4	3	8	0	0	2	1	7	4	4	8	0	8	1	3	2	0	2	4	2	1	4	1	0	3	5	0	2	1	4	6	1	0	0	1	1	1	2	0	0	2	7	1	1	0	3	3	3	5	4	1	4	2
2013-04-28 10:50:48	0	1	0	0	0	0	1	0	0	0	1	3	0	1	1	0	1	1	1	3	1	2	2	3	1	4	3	5	1	2	0	1	6	8	4	3	2	2	2	3	1	1	6	3	0	7	3	4	3	8	0	0	2	1	7	4	4	8	0	8	1	3	2	0	2	4	2	1	4	1	0	3	5	0	2	1	4	7	1	0	0	1	1	1	2	0	0	2	7	1	1	0	3	3	3	5	4	1	4	2
2013-04-28 10:52:56	0	1	0	0	0	0	1	0	0	0	1	3	0	1	1	0	1	1	1	3	1	2	2	3	1	4	3	5	1	2	0	1	6	8	4	3	2	2	2	3	1	1	6	3	0	7	3	4	3	8	0	0	2	1	7	4	4	8	0	8	1	3	2	0	2	4	2	1	4	1	0	3	5	0	2	1	4	8	1	0	0	1	1	1	2	0	0	2	7	1	1	0	3	3	3	5	4	1	4	2
2013-04-28 10:54:28	0	1	0	0	0	0	1	0	0	0	1	3	0	1	1	0	1	1	1	3	1	2	2	3	1	4	3	5	1	2	0	1	6	8	4	3	2	2	2	3	1	1	6	3	0	7	3	4	3	8	0	0	2	1	7	4	4	8	0	8	1	3	2	0	2	4	2	1	4	1	0	3	5	0	2	1	4	9	1	0	0	1	1	1	2	0	0	2	7	1	1	0	3	3	3	5	4	1	4	2
2013-04-28 11:00:19	0	1	0	0	0	0	1	0	0	0	1	3	0	1	1	0	1	1	1	3	1	2	2	3	1	4	3	5	1	2	0	1	6	8	4	3	2	2	2	3	1	1	6	3	0	7	3	4	3	8	0	0	2	1	7	4	4	8	0	8	1	3	2	0	2	4	2	1	4	1	0	3	5	0	2	1	4	10	1	0	0	1	1	1	2	0	0	2	7	1	1	0	3	3	3	5	4	1	4	2
2013-04-28 18:23:41	0	1	0	0	0	0	1	0	0	0	1	3	0	1	1	0	1	1	1	3	1	2	2	3	1	4	3	5	1	2	0	1	6	8	4	3	2	2	2	3	1	1	6	3	0	7	3	4	3	8	0	0	2	1	7	4	4	8	0	8	1	3	2	0	2	4	2	1	4	1	0	3	5	0	2	1	4	11	1	0	0	1	1	1	2	0	0	2	7	1	1	0	3	3	3	5	4	1	4	2
2013-04-28 23:51:39	0	1	0	0	0	0	1	0	0	0	1	3	0	1	1	0	1	1	1	3	1	2	2	3	1	4	3	5	1	2	0	1	6	8	4	3	2	2	2	3	1	1	6	3	0	7	3	4	3	8	0	0	2	1	7	4	4	8	0	8	1	3	2	0	2	4	2	1	4	1	0	3	5	0	3	1	4	11	1	0	0	1	1	1	2	0	0	2	7	1	1	0	3	3	3	5	4	1	4	2
2013-04-28 23:57:48	0	1	0	0	0	0	1	0	0	0	1	3	0	1	1	0	1	1	1	3	1	2	2	3	1	4	3	5	1	2	0	1	6	8	4	3	2	2	2	3	1	1	6	3	0	7	3	4	3	8	0	0	2	1	7	4	4	8	0	8	1	3	2	0	2	4	2	1	4	1	0	3	5	0	3	1	4	11	1	0	0	1	1	1	2	0	0	2	7	1	1	0	3	3	3	5	4	1	4	3
2013-04-29 00:09:26	0	1	0	0	0	0	1	0	0	0	1	3	0	1	1	0	1	1	1	3	1	2	2	3	1	4	3	5	1	2	0	1	6	8	4	3	2	2	2	3	1	1	6	3	0	7	3	4	3	8	0	0	2	1	7	4	4	8	0	8	1	3	2	0	2	4	2	1	4	1	0	3	5	0	3	1	4	11	1	0	0	1	1	1	2	0	0	2	7	1	1	0	3	3	3	5	4	1	4	4
2013-04-29 00:16:23	0	1	0	0	0	0	1	0	0	0	1	3	0	1	1	0	1	1	1	3	1	2	2	3	1	4	3	5	1	2	0	1	6	8	4	3	2	2	2	3	1	1	6	3	0	7	3	4	3	8	0	0	2	1	7	4	4	8	0	8	1	3	2	0	2	4	2	1	4	1	0	3	5	0	3	1	4	11	1	0	0	1	1	1	2	0	0	2	7	1	1	0	3	3	3	5	4	1	4	5
2013-04-29 00:27:07	0	1	0	0	0	0	1	0	0	0	1	3	0	1	1	0	1	1	1	3	1	2	2	3	1	4	3	5	1	2	0	1	6	8	4	3	2	2	2	3	1	1	6	3	0	7	3	4	3	8	0	0	2	1	7	4	4	8	0	8	1	3	2	0	2	4	2	1	4	1	0	3	5	0	3	1	4	11	1	0	0	1	1	1	2	0	0	2	7	1	1	0	3	3	3	5	4	1	4	6
2013-05-01 00:37:38	0	1	0	0	0	0	1	0	0	0	1	3	0	1	1	0	1	1	1	3	1	2	2	3	1	4	3	5	1	2	0	1	6	8	4	3	2	2	2	3	1	1	6	3	0	7	3	4	3	8	0	0	2	1	7	4	4	8	0	8	1	3	2	0	2	4	2	1	4	1	0	3	5	0	3	1	4	11	1	0	0	1	1	1	2	0	0	2	7	1	1	0	3	3	3	5	4	1	4	7
2013-05-01 00:43:28	0	1	0	0	0	0	1	0	0	0	1	3	0	1	1	0	1	1	1	3	1	2	2	3	1	4	3	5	1	2	0	1	6	8	4	3	2	2	2	3	1	1	6	3	0	7	3	4	3	8	0	0	2	1	7	4	4	8	0	9	1	3	2	0	2	4	2	1	4	1	0	3	5	0	3	1	4	11	1	0	0	1	1	1	2	0	0	2	7	1	1	0	3	3	3	5	4	1	4	7
2013-05-01 00:49:10	0	1	0	0	0	0	1	0	0	0	1	3	0	1	1	0	1	1	1	3	1	2	2	3	1	4	3	5	1	2	0	1	6	8	4	3	2	2	2	3	1	1	6	3	0	7	3	4	3	8	0	0	2	1	7	4	4	8	0	10	1	3	2	0	2	4	2	1	4	1	0	3	5	0	3	1	4	11	1	0	0	1	1	1	2	0	0	2	7	1	1	0	3	3	3	5	4	1	4	7
2013-05-01 00:52:48	0	1	0	0	0	0	1	0	0	0	1	3	0	1	1	0	1	1	1	3	1	2	2	3	1	4	3	5	1	2	0	1	6	8	4	3	2	2	2	3	1	1	6	3	0	7	3	4	3	8	0	0	2	1	7	4	4	8	0	11	1	3	2	0	2	4	2	1	4	1	0	3	5	0	3	1	4	11	1	0	0	1	1	1	2	0	0	2	7	1	1	0	3	3	3	5	4	1	4	7
2013-05-01 00:56:42	0	1	0	0	0	0	1	0	0	0	1	3	0	1	1	0	1	1	1	3	1	2	2	3	1	4	3	5	1	2	0	1	6	8	4	3	2	2	2	3	1	1	6	3	0	7	3	4	3	8	0	0	2	1	7	4	4	8	0	12	1	3	2	0	2	4	2	1	4	1	0	3	5	0	3	1	4	11	1	0	0	1	1	1	2	0	0	2	7	1	1	0	3	3	3	5	4	1	4	7
2013-05-01 01:13:03	0	1	0	0	0	0	1	0	0	0	1	3	0	1	1	0	1	1	1	3	1	2	2	3	1	4	3	5	1	2	0	1	6	8	4	3	2	2	2	3	1	1	6	3	0	7	3	4	3	8	0	0	2	1	7	4	4	8	0	13	1	3	2	0	2	4	2	1	4	1	0	3	5	0	3	1	4	11	1	0	0	1	1	1	2	0	0	2	7	1	1	0	3	3	3	5	4	1	4	7
2013-05-01 01:58:39	0	1	0	0	0	0	1	0	0	0	1	3	0	1	1	0	1	1	1	3	1	2	2	3	1	4	3	5	1	2	0	1	6	8	4	3	2	2	2	3	1	1	6	3	0	7	3	4	3	8	0	0	2	1	7	4	4	8	0	14	1	3	2	0	2	4	2	1	4	1	0	3	5	0	3	1	4	11	1	0	0	1	1	1	2	0	0	2	7	1	1	0	3	3	3	5	4	1	4	7
2013-05-01 02:00:46	0	1	0	0	0	0	1	0	0	0	1	3	0	1	1	0	1	1	1	3	1	2	2	3	1	4	3	5	1	2	0	1	6	8	4	3	2	2	2	3	1	1	6	3	0	7	3	4	3	8	0	0	2	1	7	4	4	8	0	15	1	3	2	0	2	4	2	1	4	1	0	3	5	0	3	1	4	11	1	0	0	1	1	1	2	0	0	2	7	1	1	0	3	3	3	5	4	1	4	7
2013-05-01 02:06:50	0	1	0	0	0	0	1	0	0	0	1	3	0	1	1	0	1	1	1	3	1	2	2	3	1	4	3	5	1	2	0	1	6	8	4	3	2	2	2	3	1	1	6	3	0	7	3	4	3	8	0	0	2	1	7	4	4	9	0	15	1	3	2	0	2	4	2	1	4	1	0	3	5	0	3	1	4	11	1	0	0	1	1	1	2	0	0	2	7	1	1	0	3	3	3	5	4	1	4	7
2013-05-01 02:12:03	0	1	0	0	0	0	1	0	0	0	1	3	0	1	1	0	1	1	1	3	1	2	2	3	1	4	3	5	1	2	0	1	6	8	4	3	2	2	2	3	1	1	6	3	0	7	3	4	3	8	0	0	2	1	7	4	4	10	0	15	1	3	2	0	2	4	2	1	4	1	0	3	5	0	3	1	4	11	1	0	0	1	1	1	2	0	0	2	7	1	1	0	3	3	3	5	4	1	4	7
2013-05-01 02:16:59	0	1	0	0	0	0	1	0	0	0	1	3	0	1	1	0	1	1	1	3	1	2	2	3	1	4	3	5	1	2	0	1	6	8	4	3	2	2	2	3	1	1	6	3	0	7	3	4	3	8	0	0	3	1	7	4	4	10	0	15	1	3	2	0	2	4	2	1	4	1	0	3	5	0	3	1	4	11	1	0	0	1	1	1	2	0	0	2	7	1	1	0	3	3	3	5	4	1	4	7
2013-05-01 02:20:58	0	1	0	0	0	0	1	0	0	0	1	3	0	1	1	0	1	1	1	3	1	2	2	3	1	4	3	5	1	2	0	1	6	8	4	3	2	2	2	3	1	1	6	3	0	7	3	4	3	8	0	0	4	1	7	4	4	10	0	15	1	3	2	0	2	4	2	1	4	1	0	3	5	0	3	1	4	11	1	0	0	1	1	1	2	0	0	2	7	1	1	0	3	3	3	5	4	1	4	7
2013-05-01 02:24:26	0	1	0	0	0	0	1	0	0	0	1	3	0	1	1	0	1	1	1	3	1	2	2	3	1	4	3	5	1	2	0	1	6	8	4	3	2	2	2	3	1	1	6	3	0	7	3	4	3	8	0	0	4	1	7	5	4	10	0	15	1	3	2	0	2	4	2	1	4	1	0	3	5	0	3	1	4	11	1	0	0	1	1	1	2	0	0	2	7	1	1	0	3	3	3	5	4	1	4	7
2013-05-01 02:28:14	0	1	0	0	0	0	1	0	0	0	1	3	0	1	1	0	1	1	1	3	1	2	2	3	1	4	3	5	1	2	0	1	6	8	4	3	2	2	2	3	1	1	6	3	0	7	3	4	3	8	0	0	4	1	7	6	4	10	0	15	1	3	2	0	2	4	2	1	4	1	0	3	5	0	3	1	4	11	1	0	0	1	1	1	2	0	0	2	7	1	1	0	3	3	3	5	4	1	4	7
2013-05-03 01:49:28	0	1	0	0	0	0	1	0	0	0	1	3	0	1	1	0	1	1	1	3	1	2	2	3	1	4	3	5	1	2	0	1	6	8	4	3	2	2	2	3	1	1	6	3	0	7	3	4	3	8	0	0	4	1	7	7	4	10	0	15	1	3	2	0	2	4	2	1	4	1	0	3	5	0	3	1	4	11	1	0	0	1	1	1	2	0	0	2	7	1	1	0	3	3	3	5	4	1	4	7
2013-05-03 03:08:27	0	1	0	0	0	0	1	0	0	0	1	3	0	1	1	0	1	1	1	3	1	2	2	3	1	4	3	5	1	2	0	1	6	8	4	3	2	2	2	3	1	1	6	3	0	7	3	4	3	8	0	0	4	1	7	7	4	10	0	15	1	3	2	0	2	4	2	1	4	1	0	3	5	0	3	1	4	11	1	0	0	1	1	1	2	0	0	2	7	1	1	0	3	3	3	6	4	1	4	7
2013-05-03 14:56:37	0	1	0	0	0	0	1	0	0	0	1	3	0	1	1	0	1	1	1	3	1	2	2	3	1	4	3	5	1	2	0	1	6	8	4	3	2	2	2	3	1	1	6	3	0	7	3	4	3	8	0	0	4	1	7	7	4	10	0	15	1	3	2	0	2	4	2	1	4	1	0	3	5	0	3	1	4	11	1	0	0	1	1	1	2	0	0	2	7	1	1	0	3	3	3	6	4	1	4	8
2013-05-03 15:07:32	0	1	0	0	0	0	1	0	0	1	1	3	0	1	1	0	1	1	1	3	1	2	2	3	1	4	3	5	1	2	0	1	6	8	4	3	2	2	2	3	1	1	6	3	0	7	3	4	3	8	0	0	4	1	7	7	4	10	0	15	1	3	2	0	2	4	2	1	4	1	0	3	5	0	3	1	4	11	1	0	0	1	1	1	2	0	0	2	7	1	1	0	3	3	3	6	4	1	4	8
2013-05-03 15:13:57	0	1	0	0	0	0	1	0	0	2	1	3	0	1	1	0	1	1	1	3	1	2	2	3	1	4	3	5	1	2	0	1	6	8	4	3	2	2	2	3	1	1	6	3	0	7	3	4	3	8	0	0	4	1	7	7	4	10	0	15	1	3	2	0	2	4	2	1	4	1	0	3	5	0	3	1	4	11	1	0	0	1	1	1	2	0	0	2	7	1	1	0	3	3	3	6	4	1	4	8
2013-05-03 17:17:39	0	1	0	1	0	0	1	0	0	2	1	3	0	1	1	0	1	1	1	3	1	2	2	3	1	4	3	5	1	2	0	1	6	8	4	3	2	2	2	3	1	1	6	3	0	7	3	4	3	8	0	0	4	1	7	7	4	10	0	15	1	3	2	0	2	4	2	1	4	1	0	3	5	0	3	1	4	11	1	0	0	1	1	1	2	0	0	2	7	1	1	0	3	3	3	6	4	1	4	8
2013-05-03 17:22:20	0	1	0	1	0	0	1	0	0	2	1	3	0	1	1	0	1	1	1	3	1	2	2	3	1	4	3	6	1	2	0	1	6	8	4	3	2	2	2	3	1	1	6	3	0	7	3	4	3	8	0	0	4	1	7	7	4	10	0	15	1	3	2	0	2	4	2	1	4	1	0	3	5	0	3	1	4	11	1	0	0	1	1	1	2	0	0	2	7	1	1	0	3	3	3	6	4	1	4	8
2013-05-03 17:25:48	0	1	0	1	0	0	1	0	0	2	1	3	0	1	1	0	1	1	1	3	1	2	2	3	1	4	3	6	1	3	0	1	6	8	4	3	2	2	2	3	1	1	6	3	0	7	3	4	3	8	0	0	4	1	7	7	4	10	0	15	1	3	2	0	2	4	2	1	4	1	0	3	5	0	3	1	4	11	1	0	0	1	1	1	2	0	0	2	7	1	1	0	3	3	3	6	4	1	4	8
2013-05-03 17:34:28	0	1	0	1	0	0	1	0	0	2	1	3	0	1	1	0	1	1	1	3	1	2	2	4	1	4	3	6	1	3	0	1	6	8	4	3	2	2	2	3	1	1	6	3	0	7	3	4	3	8	0	0	4	1	7	7	4	10	0	15	1	3	2	0	2	4	2	1	4	1	0	3	5	0	3	1	4	11	1	0	0	1	1	1	2	0	0	2	7	1	1	0	3	3	3	6	4	1	4	8
2013-05-03 17:38:01	0	1	0	1	0	0	1	0	0	2	1	3	0	1	1	0	1	1	1	3	1	2	2	4	1	4	3	6	1	4	0	1	6	8	4	3	2	2	2	3	1	1	6	3	0	7	3	4	3	8	0	0	4	1	7	7	4	10	0	15	1	3	2	0	2	4	2	1	4	1	0	3	5	0	3	1	4	11	1	0	0	1	1	1	2	0	0	2	7	1	1	0	3	3	3	6	4	1	4	8
2013-05-03 17:42:10	0	1	0	1	0	0	1	0	0	2	1	3	0	1	1	0	1	1	1	3	1	2	2	4	1	4	3	7	1	4	0	1	6	8	4	3	2	2	2	3	1	1	6	3	0	7	3	4	3	8	0	0	4	1	7	7	4	10	0	15	1	3	2	0	2	4	2	1	4	1	0	3	5	0	3	1	4	11	1	0	0	1	1	1	2	0	0	2	7	1	1	0	3	3	3	6	4	1	4	8
2013-05-03 17:47:13	0	1	0	1	0	0	1	0	0	2	1	3	0	1	1	0	1	1	1	3	1	2	2	4	1	5	3	7	1	4	0	1	6	8	4	3	2	2	2	3	1	1	6	3	0	7	3	4	3	8	0	0	4	1	7	7	4	10	0	15	1	3	2	0	2	4	2	1	4	1	0	3	5	0	3	1	4	11	1	0	0	1	1	1	2	0	0	2	7	1	1	0	3	3	3	6	4	1	4	8
2013-05-03 17:51:48	0	1	0	1	0	0	1	0	0	2	1	3	0	1	1	0	1	1	1	3	1	2	2	4	1	6	3	7	1	4	0	1	6	8	4	3	2	2	2	3	1	1	6	3	0	7	3	4	3	8	0	0	4	1	7	7	4	10	0	15	1	3	2	0	2	4	2	1	4	1	0	3	5	0	3	1	4	11	1	0	0	1	1	1	2	0	0	2	7	1	1	0	3	3	3	6	4	1	4	8
2013-05-03 19:52:38	0	1	0	1	0	0	1	0	0	2	1	3	0	1	1	0	1	1	1	3	1	2	2	4	2	6	3	7	1	4	0	1	6	8	4	3	2	2	2	3	1	1	6	3	0	7	3	4	3	8	0	0	4	1	7	7	4	10	0	15	1	3	2	0	2	4	2	1	4	1	0	3	5	0	3	1	4	11	1	0	0	1	1	1	2	0	0	2	7	1	1	0	3	3	3	6	4	1	4	8
2013-05-03 20:03:14	0	1	0	1	0	0	1	0	0	2	1	3	0	1	1	0	1	1	1	3	1	2	2	4	2	6	3	7	1	4	0	1	6	8	4	3	2	2	2	3	1	1	6	3	0	7	3	4	3	8	0	0	4	1	7	7	4	10	0	15	1	3	2	0	2	4	2	1	4	1	0	3	5	0	3	1	4	11	1	0	0	1	1	1	2	0	0	2	7	1	1	0	3	3	3	6	4	2	4	8
2013-05-04 17:04:43	0	1	0	1	0	0	1	0	0	2	1	3	0	1	1	0	1	1	1	3	1	2	2	4	2	6	3	7	1	4	0	1	6	8	4	3	2	2	2	3	1	1	6	3	0	7	3	4	3	8	0	0	4	1	7	7	4	10	0	15	1	3	2	0	2	4	2	1	4	1	0	3	5	0	3	1	4	11	1	0	0	1	1	1	2	0	0	2	7	1	1	0	3	4	3	6	4	2	4	8
2013-05-04 17:09:04	0	1	0	1	0	0	1	0	0	2	1	3	0	1	1	0	1	1	1	3	1	2	2	4	2	6	3	7	1	4	0	1	6	8	4	3	2	2	2	3	1	1	6	3	0	7	3	4	3	9	0	0	4	1	7	7	4	10	0	15	1	3	2	0	2	4	2	1	4	1	0	3	5	0	3	1	4	11	1	0	0	1	1	1	2	0	0	2	7	1	1	0	3	4	3	6	4	2	4	8
2013-05-04 17:13:59	0	1	0	1	0	0	1	0	0	2	1	3	0	1	1	0	1	1	1	3	1	2	2	4	2	6	3	7	1	4	0	1	6	8	4	3	2	2	2	3	1	1	6	4	0	7	3	4	3	9	0	0	4	1	7	7	4	10	0	15	1	3	2	0	2	4	2	1	4	1	0	3	5	0	3	1	4	11	1	0	0	1	1	1	2	0	0	2	7	1	1	0	3	4	3	6	4	2	4	8
2013-05-04 17:21:42	0	1	0	1	0	0	1	0	0	2	1	3	0	1	1	0	1	1	1	3	1	2	2	4	2	6	3	7	1	4	0	1	6	8	4	3	2	2	2	3	1	1	6	4	0	7	3	4	3	10	0	0	4	1	7	7	4	10	0	15	1	3	2	0	2	4	2	1	4	1	0	3	5	0	3	1	4	11	1	0	0	1	1	1	2	0	0	2	7	1	1	0	3	4	3	6	4	2	4	8
2013-05-04 17:28:15	0	1	0	1	0	0	1	0	0	2	1	3	0	1	1	0	1	1	1	3	1	2	2	4	2	6	3	7	1	4	0	1	6	8	4	3	2	2	2	3	1	1	6	4	0	7	3	4	3	11	0	0	4	1	7	7	4	10	0	15	1	3	2	0	2	4	2	1	4	1	0	3	5	0	3	1	4	11	1	0	0	1	1	1	2	0	0	2	7	1	1	0	3	4	3	6	4	2	4	8
2013-05-04 17:32:23	0	1	0	1	0	0	1	0	0	2	1	3	0	1	1	0	1	1	1	3	1	2	2	4	2	6	3	7	1	4	0	1	6	8	4	3	2	2	2	3	1	1	6	4	0	7	3	4	3	12	0	0	4	1	7	7	4	10	0	15	1	3	2	0	2	4	2	1	4	1	0	3	5	0	3	1	4	11	1	0	0	1	1	1	2	0	0	2	7	1	1	0	3	4	3	6	4	2	4	8
2013-05-04 17:38:24	0	1	0	1	0	0	1	0	0	2	1	3	0	1	1	0	1	1	1	3	1	2	2	4	2	6	3	7	1	4	0	1	6	8	4	3	2	2	2	3	1	1	6	4	0	7	3	4	3	13	0	0	4	1	7	7	4	10	0	15	1	3	2	0	2	4	2	1	4	1	0	3	5	0	3	1	4	11	1	0	0	1	1	1	2	0	0	2	7	1	1	0	3	4	3	6	4	2	4	8
2013-05-04 17:39:00	0	1	0	1	0	0	1	0	0	2	1	3	0	1	1	0	1	1	1	3	1	2	2	4	2	6	3	7	1	4	0	1	6	8	4	3	2	2	2	3	1	1	6	4	0	7	3	4	3	13	0	0	4	1	7	7	4	10	0	15	1	3	2	0	2	4	2	1	4	1	0	3	5	0	3	1	4	11	1	0	0	1	1	1	2	0	0	2	7	1	1	0	3	4	3	6	4	2	4	9
2013-05-04 17:43:13	0	1	0	1	0	0	1	0	0	2	1	3	0	1	1	0	1	1	1	3	1	2	2	4	2	6	3	7	1	4	0	1	6	8	4	3	2	2	2	3	1	1	6	4	0	7	3	4	3	14	0	0	4	1	7	7	4	10	0	15	1	3	2	0	2	4	2	1	4	1	0	3	5	0	3	1	4	11	1	0	0	1	1	1	2	0	0	2	7	1	1	0	3	4	3	6	4	2	4	9
2013-05-04 17:47:34	0	1	0	1	0	0	1	0	0	2	1	3	0	1	1	0	1	1	1	3	1	2	2	4	2	6	3	7	1	4	0	1	6	8	4	3	2	2	2	3	1	1	6	4	0	7	3	4	3	15	0	0	4	1	7	7	4	10	0	15	1	3	2	0	2	4	2	1	4	1	0	3	5	0	3	1	4	11	1	0	0	1	1	1	2	0	0	2	7	1	1	0	3	4	3	6	4	2	4	9
2013-05-04 17:54:29	0	1	0	1	0	0	1	0	0	2	1	3	0	1	1	0	1	1	1	3	1	2	2	4	2	6	3	7	1	4	0	1	6	8	4	3	2	2	2	3	1	1	6	4	0	7	3	4	3	16	0	0	4	1	7	7	4	10	0	15	1	3	2	0	2	4	2	1	4	1	0	3	5	0	3	1	4	11	1	0	0	1	1	1	2	0	0	2	7	1	1	0	3	4	3	6	4	2	4	9
2013-05-04 17:54:35	0	1	0	1	0	0	1	0	0	2	1	3	0	1	1	0	1	1	1	3	1	2	2	4	2	6	3	7	1	4	0	1	6	8	4	3	2	2	2	3	1	1	6	4	0	7	3	5	3	16	0	0	4	1	7	7	4	10	0	15	1	3	2	0	2	4	2	1	4	1	0	3	5	0	3	1	4	11	1	0	0	1	1	1	2	0	0	2	7	1	1	0	3	4	3	6	4	2	4	9
2013-05-04 17:59:11	0	1	0	1	0	0	1	0	0	2	1	3	0	1	1	0	1	1	1	3	1	2	2	4	2	6	3	7	1	4	0	1	6	8	4	3	2	2	2	3	1	1	6	4	0	7	3	5	3	16	0	0	4	1	7	7	4	10	0	15	1	3	2	0	2	4	2	1	4	1	0	3	5	0	3	1	4	11	1	0	0	1	1	1	2	0	0	2	7	1	1	0	3	4	3	6	4	2	4	10
2013-05-04 18:04:48	0	1	0	1	0	0	1	0	0	2	1	3	0	1	1	0	1	1	1	3	1	2	2	4	2	6	3	7	1	4	0	1	6	8	4	3	2	2	2	3	1	1	6	4	0	7	3	6	3	16	0	0	4	1	7	7	4	10	0	15	1	3	2	0	2	4	2	1	4	1	0	3	5	0	3	1	4	11	1	0	0	1	1	1	2	0	0	2	7	1	1	0	3	4	3	6	4	2	4	10
2013-05-04 18:07:55	0	1	0	1	0	0	1	0	0	2	1	3	0	1	1	0	1	1	1	3	1	2	2	4	2	6	3	7	1	4	0	1	6	8	4	3	2	2	2	3	1	1	6	4	0	7	3	7	3	16	0	0	4	1	7	7	4	10	0	15	1	3	2	0	2	4	2	1	4	1	0	3	5	0	3	1	4	11	1	0	0	1	1	1	2	0	0	2	7	1	1	0	3	4	3	6	4	2	4	10
2013-05-04 18:11:53	0	1	0	1	0	0	1	0	0	2	1	3	0	1	1	0	1	1	1	3	1	2	2	4	2	6	3	7	1	4	0	1	6	8	4	3	2	2	2	3	1	1	6	4	0	7	3	8	3	16	0	0	4	1	7	7	4	10	0	15	1	3	2	0	2	4	2	1	4	1	0	3	5	0	3	1	4	11	1	0	0	1	1	1	2	0	0	2	7	1	1	0	3	4	3	6	4	2	4	10
2013-05-04 18:21:18	0	1	0	1	0	0	1	0	0	2	1	3	0	1	1	0	1	1	1	3	1	2	2	4	2	6	3	7	1	4	0	1	6	8	4	3	2	2	2	3	1	1	7	4	0	7	3	8	3	16	0	0	4	1	7	7	4	10	0	15	1	3	2	0	2	4	2	1	4	1	0	3	5	0	3	1	4	11	1	0	0	1	1	1	2	0	0	2	7	1	1	0	3	4	3	6	4	2	4	10
2013-05-04 18:33:33	0	1	0	1	0	0	1	0	0	2	1	3	0	1	1	0	1	1	1	3	1	2	2	4	2	6	3	7	1	4	0	1	6	8	4	3	2	2	2	3	1	1	8	4	0	7	3	8	3	16	0	0	4	1	7	7	4	10	0	15	1	3	2	0	2	4	2	1	4	1	0	3	5	0	3	1	4	11	1	0	0	1	1	1	2	0	0	2	7	1	1	0	3	4	3	6	4	2	4	10
2013-05-04 18:42:29	0	1	0	1	0	0	1	0	0	2	1	3	0	1	1	0	1	1	1	3	1	2	2	4	2	6	3	7	1	4	0	1	6	8	4	3	2	2	2	3	1	1	8	4	0	8	3	8	3	16	0	0	4	1	7	7	4	10	0	15	1	3	2	0	2	4	2	1	4	1	0	3	5	0	3	1	4	11	1	0	0	1	1	1	2	0	0	2	7	1	1	0	3	4	3	6	4	2	4	10
2013-05-04 20:09:56	0	1	0	1	0	0	1	0	0	2	1	3	0	1	1	0	1	1	1	3	1	2	2	4	2	6	3	7	1	4	0	1	6	8	4	3	2	2	2	3	1	1	8	4	0	8	3	8	3	16	0	0	4	1	7	7	4	10	0	15	1	3	2	0	2	4	2	1	4	1	0	3	5	0	3	1	4	11	1	0	0	1	1	1	2	0	0	2	7	1	1	0	3	4	3	6	4	2	4	11
2013-05-04 20:14:51	0	1	0	1	0	0	1	0	0	2	1	3	0	1	1	0	1	1	1	3	1	2	2	4	2	6	3	7	1	4	0	1	6	8	4	3	2	2	2	3	1	1	8	4	0	9	3	8	3	16	0	0	4	1	7	7	4	10	0	15	1	3	2	0	2	4	2	1	4	1	0	3	5	0	3	1	4	11	1	0	0	1	1	1	2	0	0	2	7	1	1	0	3	4	3	6	4	2	4	11
2013-05-04 20:20:14	0	1	0	1	0	0	1	0	0	2	1	3	0	1	1	0	1	1	1	3	1	2	2	4	2	6	3	7	1	4	0	1	6	8	4	3	2	2	2	3	1	1	8	4	0	10	3	8	3	16	0	0	4	1	7	7	4	10	0	15	1	3	2	0	2	4	2	1	4	1	0	3	5	0	3	1	4	11	1	0	0	1	1	1	2	0	0	2	7	1	1	0	3	4	3	6	4	2	4	11
2013-05-04 20:24:23	0	1	0	1	0	0	1	0	0	2	1	3	0	1	1	0	1	1	1	3	1	2	2	4	2	6	3	7	1	4	0	1	6	8	4	3	2	2	2	3	1	1	8	4	0	10	3	8	3	17	0	0	4	1	7	7	4	10	0	15	1	3	2	0	2	4	2	1	4	1	0	3	5	0	3	1	4	11	1	0	0	1	1	1	2	0	0	2	7	1	1	0	3	4	3	6	4	2	4	11
2013-05-04 20:29:38	0	1	0	1	0	0	1	0	0	2	1	3	0	1	1	0	1	1	1	3	1	2	2	4	2	6	3	7	1	4	0	1	6	8	4	3	2	2	2	3	1	1	8	4	0	10	3	8	3	18	0	0	4	1	7	7	4	10	0	15	1	3	2	0	2	4	2	1	4	1	0	3	5	0	3	1	4	11	1	0	0	1	1	1	2	0	0	2	7	1	1	0	3	4	3	6	4	2	4	11
2013-05-04 20:32:28	0	1	0	1	0	0	1	0	0	2	1	3	0	1	1	0	1	1	1	3	1	2	2	4	2	6	3	7	1	4	0	1	6	8	4	3	2	2	2	3	1	1	8	4	0	10	3	9	3	18	0	0	4	1	7	7	4	10	0	15	1	3	2	0	2	4	2	1	4	1	0	3	5	0	3	1	4	11	1	0	0	1	1	1	2	0	0	2	7	1	1	0	3	4	3	6	4	2	4	11
2013-05-04 20:37:44	0	1	0	1	0	0	1	0	0	2	1	3	0	1	1	0	1	1	1	3	1	2	2	4	2	6	3	7	1	4	0	1	6	8	4	3	2	2	2	3	1	1	8	4	0	10	3	10	3	18	0	0	4	1	7	7	4	10	0	15	1	3	2	0	2	4	2	1	4	1	0	3	5	0	3	1	4	11	1	0	0	1	1	1	2	0	0	2	7	1	1	0	3	4	3	6	4	2	4	11
2013-05-04 20:45:05	0	1	0	1	0	0	1	0	0	2	1	3	0	1	1	0	1	1	1	3	1	2	2	4	2	6	3	7	1	4	0	1	6	8	4	3	2	2	2	3	1	1	9	4	0	10	3	10	3	18	0	0	4	1	7	7	4	10	0	15	1	3	2	0	2	4	2	1	4	1	0	3	5	0	3	1	4	11	1	0	0	1	1	1	2	0	0	2	7	1	1	0	3	4	3	6	4	2	4	11
2013-05-04 20:57:43	0	1	0	1	0	0	1	0	0	2	1	3	0	1	1	0	1	1	1	3	1	2	2	4	2	6	3	7	1	4	0	1	6	8	4	3	2	2	2	3	1	1	10	4	0	10	3	10	3	18	0	0	4	1	7	7	4	10	0	15	1	3	2	0	2	4	2	1	4	1	0	3	5	0	3	1	4	11	1	0	0	1	1	1	2	0	0	2	7	1	1	0	3	4	3	6	4	2	4	11
2013-05-04 21:01:37	0	1	0	1	0	0	1	0	0	2	1	3	0	1	1	0	1	1	1	3	1	2	2	4	2	6	3	7	1	4	0	1	6	8	4	3	2	2	2	3	2	1	10	4	0	10	3	10	3	18	0	0	4	1	7	7	4	10	0	15	1	3	2	0	2	4	2	1	4	1	0	3	5	0	3	1	4	11	1	0	0	1	1	1	2	0	0	2	7	1	1	0	3	4	3	6	4	2	4	11
2013-05-04 21:07:51	0	1	0	1	0	0	1	0	0	2	1	3	0	1	1	0	1	1	1	3	1	2	2	4	2	6	3	7	1	4	0	1	6	8	4	3	2	2	2	3	3	1	10	4	0	10	3	10	3	18	0	0	4	1	7	7	4	10	0	15	1	3	2	0	2	4	2	1	4	1	0	3	5	0	3	1	4	11	1	0	0	1	1	1	2	0	0	2	7	1	1	0	3	4	3	6	4	2	4	11
2013-05-05 01:24:21	0	1	0	1	0	0	1	0	0	2	1	3	0	1	1	0	1	1	1	3	1	2	2	4	2	6	3	7	1	4	0	1	6	8	4	3	2	2	2	3	4	1	10	4	0	10	3	10	3	18	0	0	4	1	7	7	4	10	0	15	1	3	2	0	2	4	2	1	4	1	0	3	5	0	3	1	4	11	1	0	0	1	1	1	2	0	0	2	7	1	1	0	3	4	3	6	4	2	4	11
2013-05-05 01:28:30	0	1	0	1	0	0	1	0	0	2	1	3	0	1	1	0	1	1	1	3	1	2	2	4	2	6	3	7	1	4	0	1	6	8	4	3	2	2	2	3	4	1	10	4	0	10	3	10	3	18	0	0	4	1	7	7	4	10	0	15	1	3	2	0	2	4	2	1	4	1	0	3	5	0	3	1	4	11	1	0	0	1	1	1	2	0	0	2	7	1	1	0	3	4	4	6	4	2	4	11
2013-05-05 04:58:48	0	1	0	1	0	0	1	0	0	2	1	3	0	1	1	0	1	1	1	3	1	2	2	4	2	6	3	7	1	4	0	1	6	8	4	3	2	2	2	3	4	1	10	4	0	10	3	10	3	18	0	0	5	1	7	7	4	10	0	15	1	3	2	0	2	4	2	1	4	1	0	3	5	0	3	1	4	11	1	0	0	1	1	1	2	0	0	2	7	1	1	0	3	4	4	6	4	2	4	11
2013-05-05 05:01:18	0	1	0	1	0	0	1	0	0	2	1	3	0	1	1	0	1	1	1	3	1	2	2	4	2	6	3	7	1	4	0	1	6	8	4	3	2	2	2	3	4	1	10	4	0	10	3	10	3	18	0	0	5	1	7	8	4	10	0	15	1	3	2	0	2	4	2	1	4	1	0	3	5	0	3	1	4	11	1	0	0	1	1	1	2	0	0	2	7	1	1	0	3	4	4	6	4	2	4	11
2013-05-05 05:04:47	0	1	0	1	0	0	1	0	0	2	1	3	0	1	1	0	1	1	1	3	1	2	2	4	2	6	3	7	1	4	0	1	6	8	4	3	2	2	2	3	4	1	10	4	0	10	3	10	3	18	0	0	5	1	7	9	4	10	0	15	1	3	2	0	2	4	2	1	4	1	0	3	5	0	3	1	4	11	1	0	0	1	1	1	2	0	0	2	7	1	1	0	3	4	4	6	4	2	4	11
2013-05-05 06:41:35	0	1	0	1	0	0	1	0	0	2	1	3	0	1	1	0	1	1	1	3	1	2	2	4	2	6	3	7	1	4	0	1	6	8	4	3	2	2	2	3	4	1	10	4	0	10	3	10	3	18	0	0	5	1	7	10	4	10	0	15	1	3	2	0	2	4	2	1	4	1	0	3	5	0	3	1	4	11	1	0	0	1	1	1	2	0	0	2	7	1	1	0	3	4	4	6	4	2	4	11
2013-05-05 06:44:27	0	1	0	1	0	0	1	0	0	2	1	3	0	1	1	0	1	1	1	3	1	2	2	4	2	6	3	7	1	4	0	1	6	8	4	3	2	2	2	3	4	1	10	4	0	10	3	10	3	18	0	0	5	1	8	10	4	10	0	15	1	3	2	0	2	4	2	1	4	1	0	3	5	0	3	1	4	11	1	0	0	1	1	1	2	0	0	2	7	1	1	0	3	4	4	6	4	2	4	11
2013-05-05 06:49:04	0	1	0	1	0	0	1	0	0	2	1	3	0	1	1	0	1	1	1	3	1	2	2	4	2	6	3	7	1	4	0	1	6	8	4	3	2	2	2	3	4	1	10	4	0	10	3	10	3	18	0	0	5	1	8	10	4	10	0	16	1	3	2	0	2	4	2	1	4	1	0	3	5	0	3	1	4	11	1	0	0	1	1	1	2	0	0	2	7	1	1	0	3	4	4	6	4	2	4	11
2013-05-05 06:52:02	0	1	0	1	0	0	1	0	0	2	1	3	0	1	1	0	1	1	1	3	1	2	2	4	2	6	3	7	1	4	0	1	6	8	4	3	2	2	2	3	4	1	10	4	0	10	3	10	3	18	0	0	5	1	8	10	4	11	0	16	1	3	2	0	2	4	2	1	4	1	0	3	5	0	3	1	4	11	1	0	0	1	1	1	2	0	0	2	7	1	1	0	3	4	4	6	4	2	4	11
2013-05-05 06:54:07	0	1	0	1	0	0	1	0	0	2	1	3	0	1	1	0	1	1	1	3	1	2	2	4	2	6	3	7	1	4	0	1	6	8	4	3	2	2	2	3	4	1	10	4	0	10	3	10	3	18	0	0	5	1	9	10	4	11	0	16	1	3	2	0	2	4	2	1	4	1	0	3	5	0	3	1	4	11	1	0	0	1	1	1	2	0	0	2	7	1	1	0	3	4	4	6	4	2	4	11
2013-05-05 06:57:20	0	1	0	1	0	0	1	0	0	2	1	3	0	1	1	0	1	1	1	3	1	2	2	4	2	6	3	7	1	4	0	1	6	8	4	3	2	2	2	3	4	1	10	4	0	10	3	10	3	18	1	0	5	1	9	10	4	11	0	16	1	3	2	0	2	4	2	1	4	1	0	3	5	0	3	1	4	11	1	0	0	1	1	1	2	0	0	2	7	1	1	0	3	4	4	6	4	2	4	11
2013-05-05 07:00:57	0	1	0	1	0	0	1	0	0	2	1	3	0	1	1	0	1	1	1	3	1	2	2	4	2	6	3	7	1	4	0	1	6	8	4	3	2	2	2	3	4	1	10	4	0	10	3	10	3	18	1	0	5	1	9	10	4	11	0	17	1	3	2	0	2	4	2	1	4	1	0	3	5	0	3	1	4	11	1	0	0	1	1	1	2	0	0	2	7	1	1	0	3	4	4	6	4	2	4	11
2013-05-05 07:08:07	0	1	0	1	0	0	1	0	0	2	1	3	0	1	1	0	1	1	1	3	1	2	2	4	2	6	3	7	1	4	0	1	6	8	4	3	2	2	2	3	4	1	10	4	0	10	3	10	3	18	1	0	5	1	9	10	4	11	0	18	1	3	2	0	2	4	2	1	4	1	0	3	5	0	3	1	4	11	1	0	0	1	1	1	2	0	0	2	7	1	1	0	3	4	4	6	4	2	4	11
2013-05-05 12:54:27	0	1	0	1	0	0	1	0	0	2	1	3	0	1	1	0	1	1	1	3	1	2	2	4	2	6	3	7	1	4	0	1	6	8	4	3	2	2	2	3	4	1	10	4	0	10	3	10	3	18	1	0	5	1	9	11	4	11	0	18	1	3	2	0	2	4	2	1	4	1	0	3	5	0	3	1	4	11	1	0	0	1	1	1	2	0	0	2	7	1	1	0	3	4	4	6	4	2	4	11
2013-05-05 19:16:47	0	1	0	1	0	0	1	0	0	2	1	3	0	1	1	0	1	1	1	3	1	2	2	4	2	6	3	7	1	4	0	1	6	8	4	3	2	2	2	3	4	1	10	4	0	11	3	10	3	18	1	0	5	1	9	11	4	11	0	18	1	3	2	0	2	4	2	1	4	1	0	3	5	0	3	1	4	11	1	0	0	1	1	1	2	0	0	2	7	1	1	0	3	4	4	6	4	2	4	11
2013-05-05 21:28:48	0	1	0	1	0	0	1	0	0	2	1	3	0	1	1	0	1	1	1	3	1	2	2	4	2	6	3	7	1	4	0	1	6	8	4	3	2	2	2	3	4	1	10	4	0	11	3	10	3	18	1	0	5	1	10	11	4	11	0	18	1	3	2	0	2	4	2	1	4	1	0	3	5	0	3	1	4	11	1	0	0	1	1	1	2	0	0	2	7	1	1	0	3	4	4	6	4	2	4	11
2013-05-05 23:54:12	0	1	0	1	0	0	1	0	0	2	1	3	0	1	1	0	1	1	1	3	1	2	2	4	2	6	3	7	1	4	0	1	6	8	4	3	2	2	2	3	4	1	10	4	0	11	3	10	3	18	1	0	5	1	10	11	4	11	0	18	1	3	2	0	2	4	2	1	4	1	0	3	5	0	3	2	4	11	1	0	0	1	1	1	2	0	0	2	7	1	1	0	3	4	4	6	4	2	4	11
2013-05-06 00:16:02	0	1	0	1	0	0	1	0	0	2	1	3	0	1	1	0	1	1	1	3	1	2	2	4	2	6	3	7	1	4	0	1	6	8	4	3	2	2	2	3	4	1	10	4	0	11	3	10	3	18	1	0	5	1	10	11	4	11	0	18	1	3	2	0	2	4	2	1	4	1	0	3	5	0	3	2	4	11	1	0	0	1	1	1	2	0	0	2	7	1	1	0	3	4	5	6	4	2	4	11
2013-05-06 00:20:19	0	1	0	1	0	0	1	0	0	2	1	3	0	1	1	0	1	1	1	3	1	2	2	4	2	6	3	7	1	4	0	1	6	8	4	3	2	2	2	3	4	1	10	4	0	11	3	10	3	18	1	0	5	1	10	11	4	11	0	18	1	3	2	0	2	4	2	1	4	1	0	3	5	0	3	2	4	11	1	0	0	1	1	1	2	0	0	2	7	1	1	0	4	4	5	6	4	2	4	11
2013-05-06 01:18:21	0	1	0	1	0	0	1	0	0	2	1	3	0	1	1	0	1	1	1	3	1	2	2	4	2	6	3	7	1	4	0	1	6	8	4	3	2	2	2	3	4	1	10	4	0	11	3	10	3	18	1	0	5	1	10	11	4	11	0	18	1	3	2	0	2	4	2	1	4	1	0	3	5	0	3	2	4	11	1	0	0	1	1	1	2	0	0	2	7	1	1	0	4	4	5	7	4	2	4	11
2013-05-06 09:34:31	0	1	0	1	0	0	1	0	0	2	1	3	0	1	1	0	1	1	1	3	1	2	2	4	2	6	3	7	1	4	0	1	6	8	4	3	2	2	2	3	4	1	10	4	0	11	3	10	3	18	1	0	5	1	10	11	4	11	0	18	1	3	2	0	2	4	2	1	4	1	0	3	5	0	3	2	4	11	1	0	0	1	1	1	2	0	0	2	7	1	1	0	4	4	5	8	4	2	4	11
2013-05-06 09:38:19	0	1	0	1	0	0	1	0	0	2	1	3	0	1	1	0	1	1	1	3	1	2	2	4	2	6	3	7	1	4	0	1	6	8	4	3	2	2	2	3	4	1	10	4	0	11	3	10	3	18	1	0	5	1	11	11	4	11	0	18	1	3	2	0	2	4	2	1	4	1	0	3	5	0	3	2	4	11	1	0	0	1	1	1	2	0	0	2	7	1	1	0	4	4	5	8	4	2	4	11
2013-05-06 09:42:47	0	1	0	1	0	0	1	0	0	2	1	3	0	1	1	0	1	1	1	3	1	2	2	4	2	6	3	7	1	4	0	1	6	8	4	3	2	2	2	3	4	1	10	4	0	11	3	10	3	18	1	0	5	1	11	11	4	11	0	19	1	3	2	0	2	4	2	1	4	1	0	3	5	0	3	2	4	11	1	0	0	1	1	1	2	0	0	2	7	1	1	0	4	4	5	8	4	2	4	11
2013-05-06 17:53:12	0	1	0	1	0	0	1	0	0	2	1	3	0	1	1	0	1	1	1	3	1	2	2	4	2	6	3	7	1	4	0	1	6	8	4	3	2	2	2	3	4	1	10	4	0	11	3	10	3	18	1	0	5	1	12	11	4	11	0	19	1	3	2	0	2	4	2	1	4	1	0	3	5	0	3	2	4	11	1	0	0	1	1	1	2	0	0	2	7	1	1	0	4	4	5	8	4	2	4	11
2013-05-06 18:00:27	0	1	0	1	0	0	1	0	0	2	1	3	0	1	1	0	1	1	1	3	1	2	2	4	2	6	3	7	1	5	0	1	6	8	4	3	2	2	2	3	4	1	10	4	0	11	3	10	3	18	1	0	5	1	12	11	4	11	0	19	1	3	2	0	2	4	2	1	4	1	0	3	5	0	3	2	4	11	1	0	0	1	1	1	2	0	0	2	7	1	1	0	4	4	5	8	4	2	4	11
2013-05-07 12:52:17	0	1	0	1	0	0	1	0	0	2	1	3	0	1	1	0	1	1	1	3	1	2	2	4	2	6	3	7	1	5	0	1	6	8	4	3	2	2	2	3	4	1	10	4	0	11	3	10	3	18	1	0	5	1	12	11	4	11	0	19	1	3	2	0	2	4	2	1	4	2	0	3	5	0	3	2	4	11	1	0	0	1	1	1	2	0	0	2	7	1	1	0	4	4	5	8	4	2	4	11
2013-05-07 22:34:50	0	1	0	1	0	0	1	0	0	2	1	3	0	1	1	0	1	1	1	3	1	2	2	4	2	6	3	7	1	5	0	1	6	8	4	3	2	2	2	3	4	1	10	4	0	11	3	10	3	18	1	0	5	1	12	11	5	11	0	19	1	3	2	0	2	4	2	1	4	2	0	3	5	0	3	2	4	11	1	0	0	1	1	1	2	0	0	2	7	1	1	0	4	4	5	8	4	2	4	11
2013-05-07 23:04:32	0	1	0	1	0	0	1	0	0	2	1	3	0	1	1	0	1	1	1	3	1	2	2	4	2	6	3	7	1	5	0	1	6	8	4	3	2	2	2	3	4	1	10	4	0	11	3	10	3	18	1	0	5	1	12	11	5	11	0	19	1	3	2	0	2	4	2	1	4	2	0	3	5	0	3	2	4	11	1	0	0	1	1	1	2	0	0	2	7	1	1	0	4	4	5	8	5	2	4	11
2013-05-07 23:18:19	0	1	0	1	0	0	1	0	0	2	1	3	0	1	1	0	1	1	1	3	1	2	2	4	2	6	3	7	1	5	0	1	6	8	4	3	2	2	2	3	4	1	10	4	0	11	3	10	3	18	1	0	5	1	12	11	5	11	0	20	1	3	2	0	2	4	2	1	4	2	0	3	5	0	3	2	4	11	1	0	0	1	1	1	2	0	0	2	7	1	1	0	4	4	5	8	5	2	4	11
2013-05-07 23:22:49	0	1	0	1	0	0	1	0	0	2	1	3	0	1	1	0	1	1	1	3	1	2	2	4	2	6	3	7	1	5	0	1	6	8	4	3	2	2	2	3	4	1	10	4	0	11	3	10	3	18	1	0	5	1	12	11	6	11	0	20	1	3	2	0	2	4	2	1	4	2	0	3	5	0	3	2	4	11	1	0	0	1	1	1	2	0	0	2	7	1	1	0	4	4	5	8	5	2	4	11
2013-05-08 00:57:23	0	1	0	1	0	0	1	0	0	2	1	3	0	1	1	0	1	1	1	3	1	2	2	4	2	6	3	7	1	5	0	1	6	8	4	3	2	2	2	3	4	1	10	4	0	11	3	10	3	18	1	0	5	1	12	11	6	11	0	21	1	3	2	0	2	4	2	1	4	2	0	3	5	0	3	2	4	11	1	0	0	1	1	1	2	0	0	2	7	1	1	0	4	4	5	8	5	2	4	11
2013-05-08 23:10:06	0	1	0	1	0	0	1	0	0	2	1	3	0	1	1	0	1	1	1	3	1	2	2	4	2	6	3	7	1	5	0	1	6	8	4	3	2	2	2	3	4	1	10	4	0	11	3	10	3	18	1	0	5	1	12	11	6	11	0	21	1	3	2	0	2	4	2	1	4	2	0	3	5	0	3	2	4	11	2	0	0	1	1	1	2	0	0	2	7	1	1	0	4	4	5	8	5	2	4	11
2013-05-09 02:00:38	0	1	0	1	0	0	1	0	0	2	1	3	0	1	1	0	1	1	1	3	1	2	2	4	2	6	3	7	1	5	0	1	6	8	4	3	2	2	2	3	4	1	10	4	0	11	3	10	3	18	1	0	5	1	12	11	6	11	0	21	1	3	2	0	2	4	2	1	4	2	0	3	5	0	3	2	4	11	2	0	0	1	1	1	2	0	0	2	7	1	1	0	4	4	5	8	5	2	4	12
2013-05-09 03:32:47	0	1	0	1	0	0	1	0	0	2	1	3	0	1	1	0	1	1	1	3	1	2	2	4	2	6	3	7	1	5	0	1	6	8	4	3	2	2	2	3	4	1	10	4	0	11	3	10	3	18	1	0	5	1	12	11	6	11	0	22	1	3	2	0	2	4	2	1	4	2	0	3	5	0	3	2	4	11	2	0	0	1	1	1	2	0	0	2	7	1	1	0	4	4	5	8	5	2	4	12
2013-05-09 03:35:18	0	1	0	1	0	0	1	0	0	2	1	3	0	1	1	0	1	1	1	3	1	2	2	4	2	6	3	7	1	5	0	1	6	8	4	3	2	2	2	3	4	1	10	4	0	11	3	10	3	18	1	1	5	1	12	11	6	11	0	22	1	3	2	0	2	4	2	1	4	2	0	3	5	0	3	2	4	11	2	0	0	1	1	1	2	0	0	2	7	1	1	0	4	4	5	8	5	2	4	12
2013-05-09 10:46:06	0	1	0	1	0	0	1	0	0	2	1	3	0	1	1	0	1	1	1	3	1	2	2	4	2	6	3	7	1	5	0	1	6	8	4	3	2	2	2	3	4	1	10	4	0	11	3	10	3	18	1	2	5	1	12	11	6	11	0	22	1	3	2	0	2	4	2	1	4	2	0	3	5	0	3	2	4	11	2	0	0	1	1	1	2	0	0	2	7	1	1	0	4	4	5	8	5	2	4	12
2013-05-09 10:46:15	0	1	0	1	0	0	1	0	0	2	1	3	0	1	1	0	1	1	1	3	1	2	2	4	2	6	3	7	1	5	0	1	6	8	4	3	2	2	2	3	4	1	10	4	0	11	3	10	3	18	1	2	5	1	12	11	6	11	0	22	1	3	2	0	2	5	2	1	4	2	0	3	5	0	3	2	4	11	2	0	0	1	1	1	2	0	0	2	7	1	1	0	4	4	5	8	5	2	4	12
2013-05-09 10:51:31	0	1	0	1	0	0	1	0	0	2	1	3	0	1	1	0	1	1	1	3	1	3	2	4	2	6	3	7	1	5	0	1	6	8	4	3	2	2	2	3	4	1	10	4	0	11	3	10	3	18	1	2	5	1	12	11	6	11	0	22	1	3	2	0	2	5	2	1	4	2	0	3	5	0	3	2	4	11	2	0	0	1	1	1	2	0	0	2	7	1	1	0	4	4	5	8	5	2	4	12
2013-05-09 11:03:08	0	1	0	1	0	0	1	0	0	2	1	3	0	1	1	0	1	1	1	3	1	4	2	4	2	6	3	7	1	5	0	1	6	8	4	3	2	2	2	3	4	1	10	4	0	11	3	10	3	18	1	2	5	1	12	11	6	11	0	22	1	3	2	0	2	5	2	1	4	2	0	3	5	0	3	2	4	11	2	0	0	1	1	1	2	0	0	2	7	1	1	0	4	4	5	8	5	2	4	12
2013-05-09 11:10:10	0	1	0	1	0	0	1	0	0	2	1	3	0	1	1	0	1	1	1	3	1	4	2	4	2	6	3	7	2	5	0	1	6	8	4	3	2	2	2	3	4	1	10	4	0	11	3	10	3	18	1	2	5	1	12	11	6	11	0	22	1	3	2	0	2	5	2	1	4	2	0	3	5	0	3	2	4	11	2	0	0	1	1	1	2	0	0	2	7	1	1	0	4	4	5	8	5	2	4	12
2013-05-09 11:16:26	0	1	0	1	0	0	1	0	0	2	1	3	0	1	1	0	1	1	1	3	1	4	2	4	3	6	3	7	2	5	0	1	6	8	4	3	2	2	2	3	4	1	10	4	0	11	3	10	3	18	1	2	5	1	12	11	6	11	0	22	1	3	2	0	2	5	2	1	4	2	0	3	5	0	3	2	4	11	2	0	0	1	1	1	2	0	0	2	7	1	1	0	4	4	5	8	5	2	4	12
2013-05-09 11:27:44	0	1	0	1	0	0	1	0	0	2	1	3	0	1	1	0	1	1	1	3	1	4	2	4	4	6	3	7	2	5	0	1	6	8	4	3	2	2	2	3	4	1	10	4	0	11	3	10	3	18	1	2	5	1	12	11	6	11	0	22	1	3	2	0	2	5	2	1	4	2	0	3	5	0	3	2	4	11	2	0	0	1	1	1	2	0	0	2	7	1	1	0	4	4	5	8	5	2	4	12
2013-05-09 11:36:09	0	1	0	1	0	0	1	0	0	2	1	3	0	1	1	0	1	1	1	3	1	4	2	4	4	6	4	7	2	5	0	1	6	8	4	3	2	2	2	3	4	1	10	4	0	11	3	10	3	18	1	2	5	1	12	11	6	11	0	22	1	3	2	0	2	5	2	1	4	2	0	3	5	0	3	2	4	11	2	0	0	1	1	1	2	0	0	2	7	1	1	0	4	4	5	8	5	2	4	12
2013-05-09 11:43:38	0	1	0	1	0	0	1	0	0	2	1	3	0	1	1	0	1	1	1	3	1	4	2	4	4	6	5	7	2	5	0	1	6	8	4	3	2	2	2	3	4	1	10	4	0	11	3	10	3	18	1	2	5	1	12	11	6	11	0	22	1	3	2	0	2	5	2	1	4	2	0	3	5	0	3	2	4	11	2	0	0	1	1	1	2	0	0	2	7	1	1	0	4	4	5	8	5	2	4	12
2013-05-09 21:53:57	0	1	0	1	0	0	1	0	0	2	1	3	0	1	1	0	1	1	1	3	1	4	2	4	4	6	6	7	2	5	0	1	6	8	4	3	2	2	2	3	4	1	10	4	0	11	3	10	3	18	1	2	5	1	12	11	6	11	0	22	1	3	2	0	2	5	2	1	4	2	0	3	5	0	3	2	4	11	2	0	0	1	1	1	2	0	0	2	7	1	1	0	4	4	5	8	5	2	4	12
2013-05-09 22:20:01	0	1	0	1	0	0	1	0	0	2	1	3	0	1	1	0	1	1	1	3	1	4	2	4	4	6	6	7	2	5	0	1	6	9	4	3	2	2	2	3	4	1	10	4	0	11	3	10	3	18	1	2	5	1	12	11	6	11	0	22	1	3	2	0	2	5	2	1	4	2	0	3	5	0	3	2	4	11	2	0	0	1	1	1	2	0	0	2	7	1	1	0	4	4	5	8	5	2	4	12
2013-05-09 22:22:51	0	1	0	1	0	0	1	0	0	2	1	3	0	1	1	0	1	1	1	3	1	4	2	4	4	6	6	7	2	5	0	1	6	10	4	3	2	2	2	3	4	1	10	4	0	11	3	10	3	18	1	2	5	1	12	11	6	11	0	22	1	3	2	0	2	5	2	1	4	2	0	3	5	0	3	2	4	11	2	0	0	1	1	1	2	0	0	2	7	1	1	0	4	4	5	8	5	2	4	12
2013-05-09 22:31:15	0	1	0	1	0	0	1	0	0	2	1	3	0	1	1	0	1	1	1	3	1	4	2	4	4	6	6	7	2	5	0	1	6	11	4	3	2	2	2	3	4	1	10	4	0	11	3	10	3	18	1	2	5	1	12	11	6	11	0	22	1	3	2	0	2	5	2	1	4	2	0	3	5	0	3	2	4	11	2	0	0	1	1	1	2	0	0	2	7	1	1	0	4	4	5	8	5	2	4	12
2013-05-09 22:39:00	0	1	0	1	0	0	1	0	0	2	1	3	0	1	1	0	1	1	1	3	1	4	2	4	4	6	6	7	2	5	0	1	6	12	4	3	2	2	2	3	4	1	10	4	0	11	3	10	3	18	1	2	5	1	12	11	6	11	0	22	1	3	2	0	2	5	2	1	4	2	0	3	5	0	3	2	4	11	2	0	0	1	1	1	2	0	0	2	7	1	1	0	4	4	5	8	5	2	4	12
2013-05-09 22:49:14	0	1	0	1	0	0	1	0	0	2	1	3	0	1	1	0	1	1	1	3	1	4	2	4	4	6	6	7	2	5	0	1	6	13	4	3	2	2	2	3	4	1	10	4	0	11	3	10	3	18	1	2	5	1	12	11	6	11	0	22	1	3	2	0	2	5	2	1	4	2	0	3	5	0	3	2	4	11	2	0	0	1	1	1	2	0	0	2	7	1	1	0	4	4	5	8	5	2	4	12
2013-05-09 23:40:01	0	1	0	1	0	0	1	0	0	2	1	3	0	1	1	0	1	1	1	3	1	4	2	4	4	6	6	7	2	5	1	1	6	13	4	3	2	2	2	3	4	1	10	4	0	11	3	10	3	18	1	2	5	1	12	11	6	11	0	22	1	3	2	0	2	5	2	1	4	2	0	3	5	0	3	2	4	11	2	0	0	1	1	1	2	0	0	2	7	1	1	0	4	4	5	8	5	2	4	12
2013-05-10 01:29:38	0	1	0	1	0	0	1	0	0	2	1	3	0	1	1	0	1	1	1	3	1	4	2	4	4	6	6	7	2	5	1	1	6	13	4	3	2	2	3	3	4	1	10	4	0	11	3	10	3	18	1	2	5	1	12	11	6	11	0	22	1	3	2	0	2	5	2	1	4	2	0	3	5	0	3	2	4	11	2	0	0	1	1	1	2	0	0	2	7	1	1	0	4	4	5	8	5	2	4	12
2013-05-10 11:02:56	0	1	0	1	0	0	1	0	0	2	1	3	0	1	1	0	1	1	1	3	1	4	2	4	4	6	6	7	2	5	1	1	6	14	4	3	2	2	3	3	4	1	10	4	0	11	3	10	3	18	1	2	5	1	12	11	6	11	0	22	1	3	2	0	2	5	2	1	4	2	0	3	5	0	3	2	4	11	2	0	0	1	1	1	2	0	0	2	7	1	1	0	4	4	5	8	5	2	4	12
2013-05-10 11:05:14	0	1	0	1	0	0	1	0	0	2	1	4	0	1	1	0	1	1	1	3	1	4	2	4	4	6	6	7	2	5	1	1	6	14	4	3	2	2	3	3	4	1	10	4	0	11	3	10	3	18	1	2	5	1	12	11	6	11	0	22	1	3	2	0	2	5	2	1	4	2	0	3	5	0	3	2	4	11	2	0	0	1	1	1	2	0	0	2	7	1	1	0	4	4	5	8	5	2	4	12
2013-05-10 12:17:34	0	1	0	1	0	0	1	0	0	2	1	5	0	1	1	0	1	1	1	3	1	4	2	4	4	6	6	7	2	5	1	1	6	14	4	3	2	2	3	3	4	1	10	4	0	11	3	10	3	18	1	2	5	1	12	11	6	11	0	22	1	3	2	0	2	5	2	1	4	2	0	3	5	0	3	2	4	11	2	0	0	1	1	1	2	0	0	2	7	1	1	0	4	4	5	8	5	2	4	12
2013-05-10 12:17:35	0	1	0	1	0	0	1	0	0	2	1	5	0	1	1	0	1	1	1	3	1	4	2	4	4	6	6	7	2	5	1	1	6	14	4	3	2	2	3	3	4	1	10	4	0	11	3	10	3	18	1	2	5	1	12	11	6	11	0	22	1	3	2	0	2	5	2	1	4	2	0	3	5	0	3	2	4	11	2	0	0	1	1	2	2	0	0	2	7	1	1	0	4	4	5	8	5	2	4	12
2013-05-10 12:21:02	0	1	0	1	0	0	1	0	0	2	1	5	0	1	1	0	1	1	1	3	1	4	2	4	4	6	6	7	2	5	1	1	6	14	4	3	2	2	3	3	4	1	10	4	0	11	3	10	3	18	1	2	5	1	12	11	6	11	0	22	1	3	2	0	2	5	2	1	4	2	0	3	5	0	3	2	4	11	2	0	0	1	1	3	2	0	0	2	7	1	1	0	4	4	5	8	5	2	4	12
2013-05-10 12:23:09	0	1	0	1	0	0	1	0	0	2	1	5	0	1	1	0	1	1	1	3	1	4	2	4	4	6	6	7	2	5	1	1	6	14	4	3	2	2	3	3	4	1	10	4	0	11	3	10	3	18	1	2	5	1	12	11	6	11	0	22	1	3	2	0	2	5	2	1	4	2	0	3	5	0	3	2	4	11	2	0	0	1	1	3	2	0	0	2	8	1	1	0	4	4	5	8	5	2	4	12
2013-05-10 12:25:14	0	1	0	1	0	0	1	0	0	2	1	5	0	1	1	0	1	1	1	3	1	4	2	4	4	6	6	7	2	5	1	1	6	14	4	3	2	2	3	3	4	1	10	4	0	11	3	10	3	18	1	2	5	1	12	11	6	11	0	22	1	3	2	0	2	5	2	1	4	2	0	3	5	0	3	2	4	11	2	0	0	2	1	3	2	0	0	2	8	1	1	0	4	4	5	8	5	2	4	12
2013-05-10 12:27:11	0	1	0	1	0	0	1	0	0	2	1	5	0	1	1	0	1	1	1	3	1	4	2	4	4	6	6	7	2	5	1	1	6	14	4	3	2	2	3	3	4	1	10	4	0	11	3	10	3	18	1	2	5	1	12	11	6	11	0	22	1	3	2	0	2	5	2	1	4	2	0	3	5	0	3	2	4	11	2	0	0	2	1	3	2	0	0	2	9	1	1	0	4	4	5	8	5	2	4	12
2013-05-10 14:27:03	0	1	0	1	0	0	1	0	0	2	1	5	0	1	1	0	1	1	1	3	1	4	2	4	4	6	6	7	2	5	1	1	6	14	4	3	2	2	3	3	4	1	10	4	0	11	3	10	3	18	1	2	5	1	12	11	6	11	0	22	1	3	2	0	2	5	2	1	4	2	0	3	5	0	3	2	4	11	2	0	0	2	1	3	2	0	1	2	9	1	1	0	4	4	5	8	5	2	4	12
2013-05-10 14:42:54	0	1	0	1	0	0	1	0	0	2	1	5	0	1	1	0	1	1	2	3	1	4	2	4	4	6	6	7	2	5	1	1	6	14	4	3	2	2	3	3	4	1	10	4	0	11	3	10	3	18	1	2	5	1	12	11	6	11	0	22	1	3	2	0	2	5	2	1	4	2	0	3	5	0	3	2	4	11	2	0	0	2	1	3	2	0	1	2	9	1	1	0	4	4	5	8	5	2	4	12
2013-05-10 14:45:04	0	1	0	1	0	0	1	0	0	2	1	5	0	1	1	0	1	1	2	3	1	4	2	4	4	6	6	7	2	5	1	1	6	14	4	3	2	2	3	3	4	1	10	4	0	11	3	10	3	18	1	2	5	1	12	11	6	11	0	22	1	3	2	0	2	5	2	1	4	2	0	3	5	0	3	2	4	11	2	0	0	2	1	3	2	0	1	2	9	2	1	0	4	4	5	8	5	2	4	12
2013-05-10 14:48:09	0	1	0	1	0	0	1	0	0	2	1	5	0	1	1	0	1	1	2	3	1	4	2	4	4	6	6	7	2	5	1	1	6	14	4	3	2	2	3	3	4	1	10	4	0	11	3	10	3	18	1	2	5	1	12	11	6	11	0	22	1	3	2	0	2	5	2	1	4	2	0	3	5	0	3	2	4	11	2	0	0	2	1	3	2	0	1	3	9	2	1	0	4	4	5	8	5	2	4	12